Iteration,Sim_0,Sim_1,Sim_2,Sim_3,Sim_4,Sim_5,Sim_6,Sim_7,Sim_8,Sim_9,Sim_10,Sim_11,Sim_12,Sim_13,Sim_14,Sim_15,Sim_16,Sim_17,Sim_18,Sim_19,Sim_20,Sim_21,Sim_22,Sim_23,Sim_24,Sim_25,Sim_26,Sim_27,Sim_28,Sim_29,Sim_30,Sim_31,Sim_32,Sim_33,Sim_34,Sim_35,Sim_36,Sim_37,Sim_38,Sim_39,Sim_40,Sim_41,Sim_42,Sim_43,Sim_44,Sim_45,Sim_46,Sim_47,Sim_48,Sim_49,Sim_50,Sim_51,Sim_52,Sim_53,Sim_54,Sim_55,Sim_56,Sim_57,Sim_58,Sim_59,Sim_60,Sim_61,Sim_62,Sim_63,Sim_64,Sim_65,Sim_66,Sim_67,Sim_68,Sim_69,Sim_70,Sim_71,Sim_72,Sim_73,Sim_74,Sim_75,Sim_76,Sim_77,Sim_78,Sim_79,Sim_80,Sim_81,Sim_82,Sim_83,Sim_84,Sim_85,Sim_86,Sim_87,Sim_88,Sim_89,Sim_90,Sim_91,Sim_92,Sim_93,Sim_94,Sim_95,Sim_96,Sim_97,Sim_98,Sim_99
0,[60],[937],[738],[824],[112],[712],[777],[427],[373],[635],[256],[430],[180],[550],[397],[986],[150],[33],[827],[853],[298],[770],[464],[411],[261],[998],[521],[540],[27],[808],[666],[955],[169],[635],[260],[361],[57],[2],[728],[926],[568],[485],[9],[569],[471],[204],[728],[414],[690],[749],[188],[975],[379],[398],[111],[584],[385],[165],[758],[324],[966],[747],[43],[36],[828],[840],[713],[96],[458],[218],[709],[321],[106],[214],[325],[852],[314],[71],[616],[295],[135],[127],[65],[749],[881],[718],[349],[989],[948],[976],[201],[708],[200],[758],[963],[907],[539],[904],[653],[219]
1,[501],[452],[149],[677],[953],[702],[52],[598],[539],[842],[719],[97],[2],[745],[306],[634],[682],[889],[655],[626],[33],[214],[473],[385],[321],[983],[98],[824],[786],[210],[244],[432],[660],[711],[265],[246],[496],[117],[854],[224],[630],[316],[13],[565],[498],[176],[109],[675],[716],[675],[967],[423],[755],[981],[283],[776],[346],[18],[199],[709],[134],[475],[829],[135],[257],[503],[78],[270],[700],[407],[944],[964],[600],[756],[932],[703],[280],[704],[645],[495],[215],[868],[515],[911],[736],[470],[487],[649],[273],[733],[158],[879],[680],[616],[876],[499],[241],[953],[152],[13]
2,[125],[303],[340],[817],[778],[918],[695],[236],[406],[900],[49],[271],[577],[866],[178],[306],[324],[269],[331],[652],[332],[793],[450],[437],[993],[959],[927],[666],[826],[22],[106],[527],[9],[305],[382],[400],[611],[94],[792],[442],[342],[700],[622],[932],[485],[368],[221],[977],[136],[530],[149],[707],[410],[131],[636],[740],[97],[995],[365],[903],[791],[834],[935],[333],[436],[135],[109],[18],[490],[890],[737],[990],[751],[271],[281],[750],[65],[417],[167],[25],[424],[249],[558],[643],[514],[592],[251],[160],[814],[872],[682],[950],[733],[416],[391],[477],[590],[708],[267],[275]
3,[735],[635],[352],[499],[607],[348],[398],[948],[976],[27],[706],[909],[575],[814],[661],[811],[68],[271],[581],[528],[527],[366],[964],[614],[550],[646],[541],[738],[804],[616],[987],[733],[833],[554],[730],[809],[45],[174],[119],[98],[328],[317],[51],[959],[705],[296],[603],[807],[302],[574],[390],[40],[623],[529],[232],[381],[958],[572],[566],[418],[907],[217],[99],[301],[558],[11],[290],[610],[60],[904],[647],[638],[456],[644],[360],[257],[953],[131],[862],[384],[96],[848],[30],[721],[350],[724],[857],[650],[722],[465],[553],[972],[708],[28],[505],[811],[189],[232],[270],[923]
4,[560],[239],[485],[505],[390],[271],[186],[585],[150],[703],[417],[530],[61],[4],[665],[993],[161],[877],[517],[228],[969],[618],[923],[562],[640],[242],[419],[699],[973],[901],[149],[562],[353],[720],[510],[824],[755],[76],[105],[319],[911],[21],[113],[398],[913],[964],[95],[612],[154],[952],[547],[853],[457],[494],[795],[267],[387],[747],[462],[79],[954],[472],[612],[120],[39],[221],[526],[322],[849],[562],[968],[468],[40],[414],[644],[696],[389],[755],[899],[459],[643],[564],[379],[269],[226],[607],[81],[923],[261],[364],[440],[685],[390],[671],[768],[526],[308],[222],[90],[450]
5,[343],[471],[335],[846],[788],[121],[212],[161],[734],[746],[187],[835],[614],[157],[663],[222],[449],[4],[984],[458],[991],[484],[595],[954],[332],[672],[179],[887],[136],[584],[633],[458],[41],[569],[201],[478],[741],[302],[537],[829],[744],[927],[924],[459],[311],[279],[12],[460],[929],[903],[687],[374],[560],[811],[757],[240],[93],[50],[861],[566],[901],[624],[508],[339],[190],[98],[164],[277],[762],[138],[7],[397],[350],[26],[849],[169],[591],[44],[710],[641],[681],[63],[848],[236],[732],[349],[357],[874],[635],[142],[108],[979],[315],[406],[80],[885],[622],[704],[890],[216]
6,[323],[706],[172],[792],[190],[26],[854],[502],[798],[862],[123],[338],[686],[328],[155],[456],[564],[804],[45],[272],[953],[642],[113],[505],[42],[361],[885],[197],[345],[257],[281],[270],[804],[75],[418],[585],[735],[748],[556],[7],[830],[126],[960],[861],[404],[798],[288],[635],[711],[309],[517],[461],[478],[53],[760],[363],[148],[921],[491],[419],[238],[190],[203],[115],[665],[553],[782],[919],[563],[659],[765],[531],[734],[161],[29],[435],[879],[38],[112],[705],[498],[885],[490],[736],[295],[926],[304],[452],[119],[412],[77],[224],[435],[688],[852],[45],[794],[943],[785],[143]
7,[949],[840],[934],[891],[669],[452],[921],[399],[876],[561],[148],[8],[602],[794],[212],[791],[138],[93],[733],[7],[350],[771],[718],[801],[861],[563],[843],[575],[981],[337],[959],[532],[771],[342],[185],[561],[295],[993],[708],[300],[167],[693],[143],[94],[934],[564],[702],[340],[868],[802],[707],[537],[784],[876],[956],[726],[862],[875],[31],[767],[132],[57],[456],[429],[732],[953],[575],[314],[423],[963],[320],[45],[295],[599],[96],[528],[431],[764],[480],[361],[132],[7],[890],[492],[677],[574],[162],[609],[759],[235],[574],[397],[777],[81],[84],[89],[62],[380],[593],[240]
8,[944],[442],[642],[668],[984],[545],[742],[850],[462],[807],[808],[606],[1],[757],[888],[162],[994],[935],[944],[974],[923],[497],[756],[300],[64],[325],[60],[422],[878],[689],[968],[810],[639],[123],[487],[150],[987],[761],[292],[730],[591],[729],[77],[995],[814],[803],[905],[792],[810],[902],[651],[386],[25],[753],[481],[979],[357],[435],[435],[449],[529],[418],[757],[214],[968],[328],[992],[406],[751],[740],[777],[660],[314],[867],[379],[39],[457],[626],[298],[292],[527],[872],[522],[68],[782],[689],[367],[629],[297],[287],[680],[494],[306],[470],[858],[94],[354],[337],[973],[160]
9,[421],[591],[629],[503],[875],[196],[662],[925],[315],[942],[803],[81],[639],[356],[877],[58],[451],[706],[855],[29],[173],[701],[365],[311],[286],[21],[508],[321],[904],[657],[484],[17],[521],[990],[323],[884],[441],[491],[528],[411],[352],[356],[703],[25],[184],[977],[894],[94],[551],[262],[391],[153],[718],[805],[596],[263],[865],[475],[560],[232],[433],[889],[60],[324],[801],[325],[605],[787],[448],[300],[187],[11],[774],[886],[906],[541],[184],[784],[869],[729],[290],[648],[60],[119],[643],[198],[116],[878],[397],[641],[169],[358],[58],[170],[573],[49],[632],[237],[91],[5]
10,[887],[761],[238],[319],[204],[761],[732],[814],[144],[648],[777],[377],[47],[617],[273],[259],[824],[326],[619],[978],[261],[837],[62],[755],[211],[430],[454],[361],[600],[276],[361],[871],[40],[634],[48],[691],[684],[52],[36],[139],[948],[514],[236],[682],[460],[132],[713],[182],[287],[138],[186],[705],[842],[941],[408],[142],[930],[20],[247],[185],[669],[175],[474],[737],[972],[780],[930],[352],[303],[357],[267],[593],[911],[349],[412],[731],[538],[99],[656],[66],[244],[397],[762],[586],[407],[915],[831],[740],[130],[576],[99],[576],[375],[855],[284],[269],[689],[415],[242],[362]
11,[761],[553],[231],[318],[261],[516],[588],[120],[893],[434],[687],[347],[117],[626],[824],[856],[847],[570],[78],[338],[329],[439],[347],[167],[496],[744],[602],[386],[960],[34],[110],[274],[294],[898],[572],[12],[58],[6],[518],[380],[571],[464],[39],[24],[96],[870],[557],[894],[593],[516],[376],[470],[6],[95],[614],[874],[513],[128],[592],[652],[878],[914],[337],[16],[776],[361],[203],[551],[311],[98],[133],[687],[881],[890],[181],[973],[646],[262],[536],[135],[211],[309],[66],[858],[933],[415],[494],[190],[970],[820],[458],[396],[361],[12],[646],[507],[857],[528],[823],[707]
12,[826],[72],[146],[837],[134],[769],[616],[633],[434],[997],[647],[517],[215],[267],[539],[571],[26],[973],[29],[834],[692],[364],[50],[110],[490],[197],[309],[839],[348],[494],[181],[632],[686],[149],[270],[905],[443],[689],[330],[167],[490],[953],[406],[212],[160],[763],[52],[911],[928],[480],[700],[981],[521],[571],[561],[392],[9],[172],[290],[964],[514],[778],[281],[710],[890],[359],[96],[216],[268],[968],[946],[863],[719],[685],[742],[0],[380],[98],[850],[827],[55],[17],[747],[154],[764],[687],[6],[970],[487],[401],[899],[942],[193],[283],[453],[141],[352],[500],[871],[774]
13,[509],[408],[52],[597],[701],[98],[50],[227],[346],[506],[481],[351],[724],[718],[943],[808],[388],[165],[535],[226],[448],[676],[275],[592],[269],[689],[258],[318],[959],[768],[446],[784],[987],[826],[796],[141],[653],[726],[502],[71],[865],[762],[344],[476],[682],[147],[189],[518],[637],[489],[184],[973],[351],[668],[153],[822],[12],[908],[838],[800],[165],[272],[496],[466],[252],[58],[704],[849],[913],[706],[346],[143],[225],[391],[847],[604],[583],[940],[497],[50],[755],[787],[790],[169],[284],[126],[296],[8],[178],[229],[262],[603],[394],[236],[501],[501],[486],[748],[594],[989]
14,[110],[28],[791],[251],[265],[591],[625],[991],[316],[271],[99],[869],[904],[690],[553],[612],[561],[553],[695],[730],[720],[95],[332],[913],[746],[83],[399],[326],[907],[843],[962],[888],[512],[27],[182],[391],[511],[387],[31],[387],[818],[355],[290],[188],[877],[280],[938],[683],[84],[976],[77],[529],[676],[315],[415],[942],[991],[17],[841],[645],[261],[447],[296],[83],[165],[709],[74],[190],[864],[196],[304],[666],[820],[84],[670],[141],[715],[438],[558],[357],[691],[123],[679],[872],[263],[804],[957],[175],[795],[103],[446],[457],[283],[765],[577],[8],[528],[265],[246],[440]
15,[937],[632],[387],[574],[689],[261],[148],[1],[375],[745],[662],[371],[74],[430],[716],[263],[623],[950],[557],[489],[523],[501],[851],[855],[405],[176],[306],[178],[341],[247],[231],[252],[882],[986],[509],[56],[630],[61],[912],[454],[576],[823],[422],[297],[959],[948],[180],[609],[969],[892],[719],[289],[612],[81],[720],[110],[553],[45],[563],[759],[315],[706],[57],[647],[347],[510],[548],[937],[417],[207],[212],[82],[13],[529],[64],[844],[970],[625],[318],[290],[551],[102],[187],[717],[516],[6],[91],[535],[222],[371],[713],[735],[171],[518],[402],[783],[286],[78],[402],[505]
16,[198],[366],[96],[559],[847],[424],[24],[516],[139],[151],[838],[99],[546],[605],[71],[175],[402],[907],[836],[541],[972],[612],[818],[348],[946],[198],[67],[600],[822],[777],[768],[74],[536],[371],[412],[310],[188],[147],[171],[917],[151],[324],[169],[108],[299],[486],[487],[546],[663],[584],[144],[638],[88],[526],[356],[85],[918],[670],[245],[477],[67],[50],[814],[453],[25],[138],[101],[506],[399],[344],[521],[72],[976],[101],[624],[588],[133],[925],[430],[598],[446],[935],[651],[634],[968],[974],[664],[747],[859],[298],[664],[926],[702],[680],[110],[663],[280],[982],[526],[606]
17,[784],[835],[365],[859],[634],[922],[350],[871],[234],[46],[768],[655],[338],[312],[601],[451],[709],[380],[596],[100],[433],[556],[49],[332],[39],[432],[435],[360],[703],[450],[192],[688],[910],[360],[529],[40],[43],[149],[741],[523],[587],[476],[282],[709],[52],[945],[955],[229],[647],[919],[775],[574],[978],[836],[913],[944],[621],[62],[528],[208],[16],[492],[736],[695],[273],[404],[822],[964],[666],[931],[861],[109],[223],[733],[689],[333],[47],[110],[154],[481],[138],[513],[439],[48],[436],[133],[471],[489],[445],[977],[486],[993],[918],[749],[431],[422],[637],[731],[309],[310]
18,[5],[62],[396],[327],[611],[771],[711],[124],[900],[769],[324],[199],[80],[948],[630],[982],[400],[661],[632],[900],[283],[390],[572],[324],[99],[657],[788],[219],[616],[719],[78],[109],[541],[315],[142],[556],[796],[974],[437],[162],[778],[900],[215],[744],[770],[63],[410],[289],[722],[914],[904],[285],[870],[521],[49],[9],[419],[397],[410],[382],[979],[137],[158],[455],[189],[734],[39],[178],[232],[44],[414],[785],[278],[14],[274],[187],[615],[147],[811],[251],[671],[176],[34],[695],[453],[102],[61],[764],[731],[829],[86],[842],[715],[194],[686],[709],[288],[973],[248],[562]
19,[680],[850],[816],[45],[479],[672],[975],[732],[636],[939],[584],[795],[277],[318],[634],[866],[13],[101],[314],[685],[654],[85],[495],[757],[420],[154],[783],[503],[90],[482],[169],[472],[949],[650],[522],[15],[791],[79],[400],[67],[922],[242],[935],[284],[780],[934],[675],[786],[468],[386],[975],[690],[54],[333],[707],[218],[615],[93],[935],[968],[294],[786],[768],[202],[670],[992],[517],[189],[476],[329],[2],[670],[947],[810],[736],[378],[795],[366],[61],[650],[957],[51],[507],[814],[596],[123],[819],[409],[639],[973],[986],[796],[742],[181],[323],[553],[265],[233],[231],[302]
20,[413],[569],[735],[20],[512],[580],[111],[234],[630],[789],[176],[899],[872],[788],[54],[45],[630],[404],[620],[595],[48],[336],[556],[24],[280],[229],[864],[307],[469],[672],[927],[726],[571],[873],[978],[783],[286],[347],[974],[946],[626],[490],[497],[540],[270],[818],[904],[553],[160],[599],[736],[230],[236],[144],[578],[410],[910],[511],[358],[99],[655],[491],[791],[267],[576],[937],[470],[421],[842],[509],[343],[667],[921],[861],[801],[287],[770],[130],[267],[860],[286],[536],[36],[66],[800],[496],[583],[65],[953],[874],[702],[239],[87],[806],[314],[295],[697],[195],[466],[742]
21,[996],[823],[25],[306],[470],[937],[781],[197],[145],[98],[966],[813],[64],[58],[701],[673],[857],[689],[38],[90],[603],[970],[438],[262],[310],[909],[302],[355],[624],[668],[726],[897],[282],[382],[207],[668],[391],[263],[864],[53],[551],[440],[983],[702],[832],[14],[787],[185],[912],[941],[731],[914],[73],[289],[179],[676],[278],[526],[422],[610],[304],[345],[118],[820],[810],[488],[75],[635],[584],[297],[883],[168],[50],[546],[580],[800],[844],[319],[690],[576],[508],[645],[977],[951],[70],[992],[517],[118],[15],[475],[404],[17],[268],[550],[228],[826],[639],[177],[679],[885]
22,[810],[407],[53],[678],[850],[748],[909],[97],[705],[338],[430],[350],[749],[57],[756],[14],[142],[281],[175],[670],[276],[153],[434],[369],[803],[501],[171],[483],[727],[608],[113],[220],[355],[820],[860],[89],[177],[212],[125],[219],[227],[715],[593],[580],[289],[239],[382],[20],[230],[993],[764],[264],[42],[228],[217],[248],[279],[407],[957],[788],[929],[330],[971],[275],[309],[306],[248],[425],[623],[786],[406],[984],[288],[937],[998],[425],[224],[324],[878],[187],[629],[294],[555],[708],[8],[587],[84],[144],[537],[839],[945],[418],[937],[438],[57],[696],[87],[691],[525],[91]
23,[152],[578],[666],[303],[661],[449],[850],[242],[74],[644],[892],[31],[975],[562],[13],[343],[677],[36],[323],[499],[111],[116],[625],[66],[576],[419],[828],[440],[26],[27],[844],[869],[178],[311],[886],[910],[612],[949],[587],[320],[452],[27],[335],[958],[145],[604],[826],[189],[144],[16],[551],[51],[44],[856],[813],[597],[535],[183],[679],[574],[630],[891],[113],[357],[68],[805],[463],[925],[258],[541],[606],[423],[603],[717],[36],[842],[303],[180],[354],[547],[251],[283],[215],[202],[807],[847],[184],[537],[514],[665],[202],[604],[126],[819],[455],[534],[174],[683],[834],[448]
24,[832],[605],[837],[856],[988],[654],[9],[366],[577],[437],[162],[335],[915],[70],[107],[493],[140],[98],[519],[125],[423],[477],[679],[23],[845],[861],[670],[718],[72],[415],[750],[606],[5],[511],[168],[291],[692],[871],[460],[649],[656],[393],[378],[695],[64],[17],[783],[5],[748],[240],[20],[611],[890],[919],[521],[718],[298],[554],[847],[607],[341],[45],[3],[870],[669],[218],[375],[593],[835],[530],[934],[394],[848],[260],[514],[912],[378],[898],[689],[793],[939],[253],[794],[962],[844],[835],[981],[635],[594],[169],[231],[902],[945],[489],[175],[521],[983],[558],[159],[269]
25,[771],[332],[788],[212],[994],[695],[891],[163],[528],[771],[599],[174],[600],[281],[815],[33],[200],[72],[389],[980],[398],[50],[687],[626],[250],[27],[352],[945],[836],[335],[37],[185],[593],[116],[707],[290],[734],[612],[326],[85],[606],[442],[858],[640],[197],[841],[284],[806],[107],[855],[480],[62],[230],[788],[195],[952],[700],[703],[927],[108],[68],[178],[688],[902],[722],[521],[559],[525],[450],[576],[793],[103],[401],[917],[632],[298],[257],[307],[228],[455],[536],[385],[992],[758],[674],[628],[848],[219],[886],[870],[912],[975],[27],[523],[838],[349],[849],[0],[953],[84]
26,[205],[139],[954],[740],[640],[494],[474],[355],[546],[471],[849],[155],[768],[257],[607],[122],[302],[184],[627],[707],[323],[610],[397],[49],[762],[353],[386],[679],[405],[785],[290],[250],[417],[399],[601],[194],[587],[341],[863],[710],[3],[8],[828],[272],[361],[626],[465],[796],[404],[522],[879],[312],[74],[432],[268],[147],[186],[621],[586],[359],[107],[261],[599],[363],[303],[229],[208],[310],[545],[656],[846],[78],[973],[587],[908],[243],[571],[687],[471],[970],[342],[220],[635],[348],[362],[17],[847],[337],[334],[621],[212],[154],[570],[299],[488],[773],[677],[636],[898],[112]
27,[468],[240],[60],[124],[114],[598],[15],[271],[54],[6],[435],[572],[211],[870],[30],[477],[187],[963],[487],[525],[342],[40],[126],[882],[208],[294],[549],[391],[923],[260],[550],[449],[825],[817],[586],[202],[115],[375],[761],[385],[584],[371],[766],[428],[336],[731],[659],[392],[915],[881],[738],[361],[108],[803],[941],[66],[869],[479],[688],[973],[429],[919],[191],[567],[708],[612],[876],[430],[406],[328],[360],[448],[453],[168],[316],[494],[555],[199],[884],[68],[11],[571],[441],[912],[787],[303],[147],[122],[34],[87],[505],[836],[77],[585],[457],[144],[234],[186],[805],[811]
28,[357],[423],[592],[825],[715],[201],[691],[229],[786],[148],[127],[55],[984],[906],[733],[990],[985],[750],[326],[169],[958],[89],[487],[391],[159],[417],[850],[353],[939],[248],[647],[494],[493],[707],[89],[723],[318],[330],[787],[890],[346],[511],[419],[734],[324],[350],[583],[962],[567],[374],[555],[610],[369],[893],[86],[179],[178],[827],[887],[202],[58],[147],[243],[508],[383],[284],[710],[691],[524],[734],[64],[791],[321],[402],[236],[78],[194],[962],[217],[721],[25],[295],[27],[543],[719],[334],[947],[464],[912],[222],[64],[878],[288],[740],[922],[797],[669],[902],[607],[328]
29,[302],[105],[62],[470],[487],[682],[583],[755],[107],[751],[66],[64],[380],[820],[869],[134],[72],[734],[144],[702],[583],[695],[987],[359],[15],[307],[140],[105],[134],[156],[690],[33],[237],[267],[802],[504],[380],[945],[602],[439],[809],[761],[754],[0],[338],[663],[389],[613],[575],[256],[527],[531],[343],[351],[364],[496],[378],[492],[692],[739],[483],[780],[657],[996],[314],[157],[943],[827],[650],[539],[734],[407],[35],[767],[124],[221],[761],[707],[589],[380],[689],[912],[486],[723],[512],[982],[681],[362],[734],[317],[218],[384],[845],[154],[171],[335],[582],[577],[604],[721]
30,[674],[977],[42],[926],[879],[210],[906],[62],[161],[406],[408],[972],[525],[351],[465],[260],[219],[134],[592],[351],[768],[545],[534],[501],[504],[0],[201],[182],[74],[684],[686],[719],[457],[561],[59],[839],[44],[634],[449],[135],[989],[105],[122],[599],[333],[699],[544],[366],[987],[913],[878],[733],[3],[276],[358],[932],[864],[514],[181],[646],[366],[567],[966],[428],[337],[871],[38],[184],[103],[481],[264],[70],[191],[326],[102],[383],[692],[502],[287],[56],[848],[858],[50],[512],[939],[408],[154],[637],[771],[606],[707],[267],[640],[257],[904],[391],[47],[868],[736],[121]
31,[12],[746],[451],[173],[528],[5],[567],[779],[99],[799],[251],[597],[384],[596],[777],[551],[634],[856],[498],[773],[473],[541],[529],[117],[137],[729],[361],[5],[410],[708],[645],[243],[760],[467],[571],[745],[30],[948],[377],[567],[150],[758],[598],[469],[920],[788],[168],[347],[164],[305],[819],[217],[611],[605],[843],[937],[584],[702],[399],[213],[237],[912],[106],[81],[145],[678],[50],[483],[296],[475],[864],[942],[7],[833],[852],[412],[60],[679],[221],[525],[416],[850],[150],[781],[273],[31],[637],[484],[861],[345],[552],[884],[475],[783],[381],[373],[949],[381],[269],[186]
32,[649],[224],[268],[117],[762],[123],[549],[971],[591],[695],[454],[73],[877],[246],[384],[350],[169],[223],[138],[526],[116],[428],[916],[943],[551],[465],[312],[700],[760],[423],[643],[769],[184],[965],[778],[398],[64],[960],[331],[298],[757],[333],[724],[844],[782],[865],[171],[181],[618],[773],[95],[145],[163],[457],[992],[759],[459],[264],[433],[435],[540],[88],[90],[932],[923],[693],[418],[769],[880],[176],[692],[63],[246],[310],[161],[733],[950],[848],[182],[30],[358],[278],[541],[633],[953],[58],[749],[986],[877],[638],[675],[221],[220],[485],[579],[171],[131],[831],[838],[731]
33,[568],[669],[812],[855],[442],[457],[56],[253],[62],[307],[651],[923],[964],[52],[186],[829],[858],[533],[391],[365],[205],[317],[762],[869],[536],[547],[5],[880],[747],[29],[779],[965],[359],[629],[496],[804],[266],[601],[825],[160],[112],[252],[92],[766],[491],[650],[580],[869],[856],[682],[876],[928],[203],[162],[995],[102],[515],[723],[516],[404],[687],[667],[42],[354],[35],[921],[302],[204],[845],[456],[310],[818],[251],[661],[714],[641],[129],[118],[971],[339],[9],[366],[378],[859],[343],[921],[404],[728],[502],[484],[645],[73],[866],[176],[329],[426],[868],[471],[104],[418]
34,[40],[626],[876],[582],[365],[82],[751],[538],[293],[989],[313],[79],[126],[244],[957],[486],[430],[150],[300],[776],[868],[292],[940],[507],[427],[735],[829],[458],[137],[124],[717],[611],[835],[731],[908],[546],[243],[353],[511],[268],[468],[430],[986],[71],[954],[29],[574],[165],[330],[639],[923],[640],[688],[755],[997],[310],[774],[509],[899],[180],[216],[281],[528],[524],[731],[634],[582],[967],[376],[755],[392],[443],[617],[190],[949],[233],[994],[686],[113],[740],[727],[250],[180],[666],[865],[399],[272],[696],[913],[764],[139],[681],[355],[564],[610],[823],[180],[349],[36],[290]
35,[866],[360],[249],[486],[663],[883],[578],[739],[41],[899],[131],[162],[839],[164],[381],[43],[198],[762],[918],[306],[532],[433],[519],[290],[114],[848],[252],[398],[19],[147],[784],[210],[875],[836],[683],[258],[598],[29],[87],[658],[344],[455],[175],[225],[109],[880],[568],[748],[521],[464],[824],[540],[545],[340],[121],[99],[912],[653],[725],[480],[0],[614],[859],[597],[406],[663],[739],[142],[381],[160],[545],[346],[480],[217],[864],[770],[643],[744],[667],[865],[24],[604],[291],[520],[409],[219],[233],[802],[582],[656],[444],[790],[655],[180],[418],[740],[774],[67],[450],[200]
36,[98],[58],[868],[912],[989],[901],[193],[71],[561],[363],[238],[401],[370],[475],[776],[330],[74],[504],[495],[174],[494],[899],[897],[532],[729],[58],[701],[234],[389],[790],[211],[390],[28],[68],[389],[607],[547],[295],[57],[996],[739],[852],[602],[924],[20],[108],[313],[412],[92],[683],[590],[551],[768],[391],[666],[936],[307],[181],[970],[732],[681],[254],[813],[361],[243],[425],[187],[495],[212],[204],[533],[133],[835],[973],[674],[513],[712],[370],[963],[816],[613],[529],[726],[131],[210],[725],[776],[868],[440],[33],[428],[471],[805],[97],[318],[413],[846],[836],[372],[830]
37,[338],[963],[57],[417],[123],[664],[980],[841],[5],[828],[865],[473],[465],[78],[424],[718],[405],[629],[824],[922],[235],[520],[750],[59],[73],[905],[814],[358],[947],[398],[376],[479],[649],[16],[635],[303],[750],[848],[160],[641],[496],[28],[220],[443],[902],[336],[248],[972],[788],[50],[762],[398],[287],[502],[392],[793],[241],[823],[377],[266],[642],[197],[589],[459],[209],[212],[915],[356],[505],[120],[145],[98],[707],[272],[649],[210],[528],[671],[140],[225],[819],[823],[426],[138],[6],[862],[287],[416],[0],[447],[318],[404],[673],[50],[334],[814],[143],[595],[276],[544]
38,[993],[385],[388],[392],[956],[925],[964],[751],[215],[848],[126],[438],[276],[949],[449],[381],[519],[807],[65],[973],[102],[934],[17],[429],[170],[375],[197],[942],[628],[71],[490],[484],[96],[933],[836],[232],[784],[668],[902],[906],[367],[113],[981],[80],[508],[639],[666],[104],[665],[666],[712],[250],[418],[435],[765],[21],[556],[525],[220],[368],[503],[319],[64],[262],[897],[538],[191],[493],[27],[933],[448],[655],[58],[584],[391],[971],[872],[240],[416],[24],[47],[891],[788],[400],[645],[192],[997],[902],[604],[555],[68],[700],[891],[244],[978],[698],[660],[183],[38],[118]
39,[451],[631],[398],[16],[93],[142],[171],[563],[614],[207],[296],[207],[830],[910],[345],[97],[616],[906],[141],[225],[835],[7],[41],[207],[626],[314],[449],[774],[6],[746],[357],[444],[19],[419],[544],[755],[781],[414],[858],[805],[387],[432],[492],[668],[696],[519],[527],[703],[414],[521],[28],[262],[953],[541],[311],[237],[314],[884],[409],[153],[919],[791],[932],[114],[717],[407],[154],[601],[724],[658],[116],[855],[462],[471],[546],[175],[859],[20],[88],[253],[954],[782],[611],[956],[443],[475],[453],[393],[16],[664],[619],[393],[301],[240],[526],[46],[227],[98],[138],[180]
40,[295],[580],[384],[942],[301],[502],[278],[691],[841],[392],[890],[282],[707],[780],[804],[510],[820],[923],[925],[842],[827],[444],[696],[928],[942],[965],[172],[289],[729],[624],[317],[35],[479],[802],[939],[912],[519],[220],[616],[893],[602],[742],[261],[164],[671],[545],[160],[884],[137],[332],[735],[830],[772],[754],[258],[391],[866],[155],[707],[61],[830],[3],[358],[761],[750],[42],[995],[801],[824],[873],[580],[454],[766],[860],[305],[576],[329],[708],[188],[643],[728],[552],[77],[332],[29],[779],[339],[41],[541],[803],[134],[469],[734],[209],[886],[966],[791],[296],[320],[754]
41,[491],[295],[961],[235],[165],[585],[969],[398],[338],[759],[36],[825],[827],[872],[673],[854],[434],[855],[664],[804],[169],[272],[526],[567],[251],[79],[506],[955],[882],[690],[845],[208],[959],[788],[931],[376],[259],[971],[931],[389],[154],[844],[79],[784],[168],[561],[491],[571],[507],[178],[559],[863],[207],[509],[977],[540],[895],[991],[810],[127],[209],[499],[199],[31],[882],[976],[911],[233],[441],[515],[350],[890],[587],[332],[679],[387],[868],[113],[949],[406],[733],[983],[184],[842],[88],[51],[929],[720],[425],[208],[839],[763],[750],[735],[189],[346],[719],[310],[281],[295]
42,[754],[824],[607],[228],[445],[89],[959],[866],[80],[401],[445],[934],[759],[735],[451],[236],[300],[693],[909],[387],[789],[193],[790],[368],[511],[300],[555],[623],[293],[741],[827],[713],[658],[6],[587],[550],[284],[33],[984],[121],[444],[90],[123],[390],[63],[374],[881],[30],[934],[511],[382],[110],[172],[590],[918],[904],[907],[927],[216],[17],[158],[308],[171],[865],[328],[200],[273],[746],[361],[807],[909],[727],[57],[91],[568],[612],[237],[701],[620],[809],[476],[241],[0],[244],[910],[407],[775],[672],[524],[647],[932],[747],[15],[755],[644],[299],[373],[649],[345],[992]
43,[504],[186],[989],[385],[560],[849],[156],[664],[531],[918],[498],[916],[580],[791],[667],[951],[341],[513],[157],[84],[268],[753],[889],[409],[628],[93],[483],[996],[125],[25],[201],[368],[933],[848],[934],[756],[453],[937],[316],[837],[907],[944],[317],[556],[903],[318],[526],[557],[927],[369],[353],[539],[378],[105],[686],[518],[216],[255],[421],[430],[870],[55],[355],[558],[727],[243],[616],[361],[577],[395],[928],[171],[277],[694],[58],[675],[140],[162],[177],[293],[666],[38],[816],[365],[918],[880],[242],[762],[555],[131],[200],[2],[312],[18],[626],[113],[324],[462],[742],[0]
44,[658],[805],[824],[584],[20],[168],[195],[738],[896],[760],[634],[960],[199],[584],[218],[943],[498],[333],[90],[781],[334],[649],[500],[434],[848],[161],[619],[960],[54],[214],[992],[286],[379],[687],[112],[347],[39],[241],[214],[187],[391],[313],[86],[563],[974],[81],[772],[593],[525],[441],[656],[957],[443],[116],[901],[163],[49],[999],[712],[124],[389],[785],[499],[280],[876],[863],[893],[448],[775],[951],[92],[753],[536],[847],[310],[820],[17],[46],[917],[93],[955],[734],[226],[88],[473],[801],[246],[831],[894],[526],[27],[463],[467],[651],[26],[791],[853],[707],[861],[961]
45,[54],[144],[291],[932],[473],[93],[827],[9],[685],[972],[105],[54],[78],[564],[794],[786],[762],[978],[724],[505],[540],[264],[913],[47],[441],[957],[451],[818],[46],[110],[960],[396],[509],[556],[872],[78],[889],[393],[939],[170],[472],[81],[841],[975],[148],[769],[949],[539],[196],[344],[671],[994],[129],[442],[7],[478],[592],[632],[872],[12],[852],[125],[766],[237],[498],[637],[780],[868],[516],[652],[759],[516],[619],[311],[785],[631],[200],[287],[859],[103],[788],[518],[980],[734],[707],[538],[816],[965],[210],[841],[692],[197],[639],[764],[458],[313],[211],[790],[625],[585]
46,[337],[893],[93],[227],[10],[195],[94],[533],[196],[885],[258],[501],[340],[807],[800],[554],[204],[955],[764],[372],[628],[438],[890],[9],[761],[50],[420],[745],[226],[237],[544],[923],[931],[916],[381],[982],[103],[531],[472],[401],[787],[55],[546],[488],[970],[532],[510],[982],[292],[472],[621],[161],[409],[922],[498],[603],[987],[427],[371],[549],[48],[204],[476],[846],[401],[237],[459],[469],[830],[125],[224],[650],[942],[825],[616],[690],[689],[567],[332],[990],[501],[200],[434],[405],[711],[135],[368],[612],[234],[444],[933],[8],[583],[285],[755],[713],[584],[804],[78],[241]
47,[244],[337],[675],[784],[256],[18],[488],[293],[527],[585],[337],[114],[493],[572],[159],[639],[182],[724],[88],[536],[732],[769],[320],[573],[756],[327],[446],[354],[298],[234],[417],[272],[425],[460],[18],[483],[762],[902],[51],[20],[738],[131],[913],[346],[514],[550],[201],[374],[325],[575],[991],[822],[325],[689],[871],[546],[189],[28],[538],[913],[329],[657],[926],[390],[414],[18],[125],[883],[731],[500],[661],[748],[299],[269],[30],[501],[946],[860],[199],[677],[599],[434],[4],[263],[579],[19],[790],[825],[237],[814],[738],[10],[432],[251],[476],[623],[848],[446],[477],[484]
48,[377],[910],[332],[965],[312],[276],[430],[59],[702],[697],[320],[101],[821],[0],[669],[788],[711],[78],[580],[290],[481],[602],[515],[432],[826],[422],[946],[512],[39],[51],[109],[343],[675],[934],[794],[583],[241],[142],[589],[630],[600],[878],[696],[915],[960],[875],[199],[921],[620],[95],[757],[937],[395],[749],[791],[301],[443],[417],[742],[670],[732],[820],[578],[107],[997],[917],[228],[938],[188],[897],[262],[915],[227],[951],[206],[797],[976],[551],[895],[748],[920],[818],[253],[669],[227],[699],[319],[173],[271],[593],[442],[59],[966],[579],[986],[438],[407],[425],[616],[576]
49,[707],[566],[748],[650],[239],[642],[626],[518],[352],[873],[196],[59],[798],[758],[14],[534],[548],[201],[135],[221],[55],[779],[478],[620],[193],[888],[811],[375],[688],[59],[592],[246],[770],[198],[194],[803],[77],[790],[840],[923],[962],[607],[938],[853],[202],[530],[500],[288],[418],[602],[240],[572],[619],[840],[411],[689],[715],[560],[873],[554],[585],[722],[809],[545],[72],[384],[42],[372],[575],[295],[467],[558],[210],[410],[770],[834],[961],[394],[961],[461],[368],[942],[972],[625],[109],[175],[351],[525],[262],[438],[715],[913],[868],[118],[975],[980],[692],[664],[563],[880]
50,[675],[585],[557],[653],[588],[254],[833],[589],[924],[366],[995],[48],[494],[458],[362],[378],[401],[249],[965],[188],[640],[475],[938],[280],[62],[566],[392],[299],[103],[818],[774],[841],[231],[412],[238],[109],[17],[716],[189],[963],[466],[870],[186],[274],[247],[515],[864],[89],[791],[294],[350],[713],[348],[622],[486],[618],[135],[91],[453],[971],[536],[150],[905],[401],[468],[853],[516],[648],[586],[373],[514],[90],[335],[907],[230],[54],[317],[37],[605],[297],[967],[381],[371],[276],[805],[896],[802],[45],[314],[622],[938],[995],[203],[568],[668],[780],[165],[929],[100],[223]
51,[895],[267],[646],[167],[786],[467],[318],[742],[452],[470],[345],[262],[436],[459],[165],[461],[757],[346],[302],[837],[223],[660],[461],[578],[132],[928],[82],[421],[723],[915],[29],[158],[273],[668],[256],[875],[729],[730],[198],[902],[841],[597],[416],[872],[825],[848],[65],[241],[2],[628],[298],[993],[527],[707],[912],[692],[623],[13],[991],[243],[253],[62],[290],[368],[24],[571],[647],[457],[560],[410],[40],[536],[869],[75],[927],[72],[291],[18],[637],[494],[182],[812],[318],[262],[49],[959],[949],[17],[527],[187],[936],[443],[998],[230],[348],[956],[238],[412],[560],[507]
52,[354],[170],[979],[968],[71],[793],[606],[966],[752],[249],[59],[288],[586],[184],[180],[470],[412],[17],[107],[866],[95],[806],[288],[580],[81],[478],[163],[118],[734],[699],[921],[898],[752],[22],[337],[571],[228],[865],[16],[621],[786],[616],[988],[745],[403],[893],[292],[356],[765],[717],[261],[1],[929],[121],[117],[266],[317],[396],[583],[483],[32],[888],[30],[911],[955],[259],[746],[491],[580],[57],[269],[229],[136],[256],[911],[455],[175],[833],[687],[960],[888],[537],[453],[890],[479],[557],[532],[777],[476],[41],[484],[595],[741],[227],[688],[370],[188],[370],[540],[642]
53,[112],[110],[215],[679],[923],[218],[117],[825],[664],[505],[215],[759],[88],[225],[863],[99],[643],[55],[552],[22],[187],[969],[701],[823],[58],[73],[840],[702],[131],[270],[9],[909],[8],[844],[92],[630],[54],[510],[129],[720],[707],[71],[748],[341],[152],[905],[474],[391],[345],[589],[359],[342],[568],[387],[747],[788],[247],[130],[729],[696],[572],[894],[312],[611],[709],[253],[856],[726],[346],[298],[47],[801],[590],[341],[937],[801],[864],[349],[570],[574],[413],[8],[307],[725],[746],[419],[513],[936],[75],[787],[524],[643],[42],[730],[346],[174],[685],[971],[254],[574]
54,[631],[0],[636],[301],[943],[929],[354],[481],[824],[614],[447],[682],[69],[806],[495],[118],[725],[401],[903],[987],[534],[563],[720],[54],[744],[225],[443],[560],[444],[173],[459],[568],[592],[470],[833],[421],[897],[606],[678],[147],[188],[44],[329],[181],[412],[371],[697],[251],[162],[655],[721],[292],[520],[477],[682],[353],[374],[65],[759],[258],[994],[582],[257],[659],[331],[222],[188],[836],[795],[838],[764],[211],[788],[572],[965],[566],[67],[530],[378],[221],[306],[438],[85],[248],[543],[988],[900],[859],[422],[834],[208],[416],[897],[300],[14],[359],[148],[15],[358],[719]
55,[49],[836],[6],[28],[776],[549],[986],[546],[425],[30],[900],[518],[747],[352],[277],[830],[478],[103],[939],[451],[993],[693],[590],[173],[604],[660],[505],[337],[40],[811],[969],[748],[659],[753],[817],[584],[605],[293],[797],[491],[84],[698],[455],[887],[136],[44],[364],[739],[61],[797],[857],[481],[882],[760],[579],[155],[301],[517],[221],[995],[489],[549],[985],[764],[142],[601],[185],[510],[468],[63],[141],[621],[474],[216],[511],[365],[760],[954],[939],[496],[881],[577],[966],[738],[368],[778],[686],[834],[597],[610],[966],[411],[198],[387],[214],[701],[871],[945],[634],[862]
56,[143],[293],[375],[415],[264],[792],[727],[735],[411],[10],[111],[151],[256],[88],[446],[182],[693],[354],[181],[935],[425],[135],[525],[684],[506],[697],[893],[520],[611],[800],[870],[394],[680],[529],[693],[915],[320],[400],[452],[697],[136],[565],[918],[860],[305],[831],[632],[589],[436],[103],[785],[532],[807],[671],[533],[972],[616],[101],[373],[188],[909],[80],[35],[721],[703],[661],[672],[973],[669],[795],[483],[523],[612],[191],[57],[156],[34],[900],[571],[249],[650],[410],[811],[408],[558],[293],[736],[477],[64],[933],[252],[905],[491],[62],[596],[233],[889],[106],[869],[678]
57,[436],[961],[920],[256],[145],[419],[968],[699],[516],[890],[573],[323],[334],[691],[64],[332],[612],[304],[216],[23],[544],[742],[759],[983],[668],[728],[566],[610],[581],[683],[943],[128],[716],[462],[436],[876],[719],[490],[118],[560],[649],[2],[864],[794],[303],[455],[970],[397],[681],[786],[387],[586],[53],[0],[829],[298],[434],[528],[173],[942],[363],[875],[277],[731],[839],[739],[483],[846],[587],[969],[195],[734],[400],[666],[357],[702],[27],[491],[503],[701],[474],[783],[140],[87],[814],[898],[701],[959],[405],[313],[285],[440],[752],[649],[327],[202],[772],[810],[425],[278]
58,[69],[556],[419],[420],[529],[438],[758],[451],[388],[524],[528],[678],[209],[24],[268],[730],[248],[319],[763],[353],[299],[397],[183],[482],[54],[523],[250],[441],[568],[884],[130],[480],[138],[565],[938],[595],[538],[7],[517],[980],[930],[100],[963],[673],[92],[452],[261],[188],[475],[116],[920],[8],[889],[37],[729],[946],[283],[466],[343],[447],[738],[973],[922],[520],[246],[56],[817],[359],[977],[504],[312],[166],[294],[178],[476],[636],[363],[330],[735],[393],[787],[664],[867],[67],[821],[533],[279],[863],[755],[480],[15],[548],[164],[925],[965],[211],[64],[164],[310],[833]
59,[437],[648],[9],[640],[730],[321],[731],[777],[444],[946],[409],[839],[989],[553],[865],[566],[866],[397],[187],[848],[287],[207],[979],[228],[890],[244],[487],[215],[14],[504],[650],[352],[552],[575],[195],[296],[967],[854],[917],[632],[839],[173],[242],[680],[615],[512],[944],[474],[74],[208],[619],[202],[634],[766],[846],[544],[132],[686],[948],[866],[908],[563],[658],[677],[524],[603],[742],[549],[742],[200],[201],[202],[113],[914],[491],[735],[461],[342],[103],[675],[35],[817],[850],[320],[920],[406],[218],[517],[349],[556],[339],[738],[892],[541],[160],[306],[333],[257],[624],[303]
60,[282],[384],[740],[723],[160],[645],[787],[911],[688],[795],[928],[450],[630],[103],[111],[680],[893],[457],[242],[614],[228],[921],[325],[271],[782],[518],[388],[341],[685],[318],[480],[197],[578],[760],[170],[116],[329],[246],[199],[56],[868],[350],[930],[159],[573],[360],[694],[373],[301],[961],[900],[306],[943],[709],[213],[72],[839],[266],[19],[618],[664],[502],[805],[739],[559],[155],[366],[697],[111],[133],[773],[601],[796],[773],[37],[459],[824],[10],[11],[419],[157],[842],[385],[554],[755],[707],[890],[335],[360],[32],[788],[241],[670],[850],[920],[830],[427],[175],[305],[181]
61,[916],[741],[679],[610],[505],[663],[710],[581],[792],[825],[614],[143],[12],[919],[875],[527],[792],[733],[698],[177],[81],[82],[902],[664],[612],[115],[44],[198],[588],[419],[116],[212],[447],[924],[442],[527],[93],[998],[519],[576],[939],[818],[822],[224],[417],[352],[105],[802],[203],[536],[59],[395],[62],[157],[236],[977],[269],[761],[457],[163],[55],[158],[402],[423],[933],[891],[857],[934],[412],[347],[250],[926],[706],[654],[516],[706],[164],[411],[136],[779],[333],[342],[873],[924],[781],[994],[347],[340],[368],[332],[214],[630],[705],[578],[892],[821],[380],[650],[719],[21]
62,[416],[301],[59],[684],[177],[961],[890],[340],[168],[620],[610],[548],[854],[89],[905],[519],[874],[736],[85],[530],[715],[931],[150],[611],[767],[80],[294],[642],[454],[912],[664],[189],[301],[58],[990],[837],[862],[163],[99],[705],[399],[213],[642],[727],[685],[253],[575],[534],[945],[210],[409],[838],[923],[535],[856],[933],[683],[274],[779],[847],[612],[283],[596],[207],[136],[311],[54],[452],[722],[139],[152],[758],[779],[206],[268],[23],[316],[634],[696],[330],[267],[346],[380],[817],[67],[205],[248],[428],[220],[330],[863],[666],[573],[218],[111],[873],[420],[150],[232],[357]
63,[720],[637],[367],[952],[593],[448],[925],[76],[821],[12],[676],[917],[662],[646],[355],[298],[378],[70],[310],[1],[84],[684],[516],[238],[19],[326],[961],[577],[173],[134],[806],[824],[139],[818],[152],[103],[959],[53],[560],[651],[418],[995],[523],[598],[271],[184],[271],[718],[456],[677],[617],[156],[823],[293],[477],[954],[407],[938],[777],[277],[224],[937],[687],[954],[50],[769],[743],[870],[950],[104],[183],[122],[135],[355],[596],[307],[787],[564],[920],[724],[480],[39],[110],[844],[206],[65],[197],[610],[437],[342],[205],[737],[257],[71],[908],[463],[285],[387],[481],[796]
64,[330],[871],[992],[871],[288],[464],[568],[984],[308],[803],[593],[500],[649],[616],[825],[926],[96],[215],[291],[827],[202],[613],[316],[648],[72],[622],[66],[255],[756],[294],[681],[935],[224],[438],[339],[113],[22],[965],[303],[471],[24],[150],[297],[416],[892],[126],[740],[905],[863],[101],[119],[458],[183],[77],[455],[465],[396],[512],[450],[643],[319],[577],[867],[128],[452],[31],[501],[3],[934],[859],[949],[462],[110],[870],[681],[959],[516],[632],[56],[631],[721],[901],[418],[709],[652],[981],[667],[693],[632],[115],[193],[139],[377],[287],[888],[513],[71],[217],[203],[363]
65,[692],[843],[262],[834],[858],[754],[807],[55],[397],[883],[419],[941],[142],[358],[783],[693],[332],[899],[131],[363],[162],[452],[411],[314],[689],[232],[467],[516],[593],[439],[76],[290],[450],[406],[12],[300],[809],[365],[877],[689],[330],[889],[183],[339],[999],[190],[819],[936],[165],[218],[348],[617],[730],[372],[159],[838],[191],[244],[130],[445],[776],[631],[185],[868],[374],[348],[827],[340],[483],[549],[824],[152],[69],[58],[285],[956],[706],[988],[798],[121],[719],[986],[72],[129],[714],[342],[165],[194],[929],[363],[301],[288],[970],[400],[500],[765],[49],[260],[385],[911]
66,[32],[448],[381],[186],[456],[197],[120],[146],[379],[688],[145],[485],[53],[871],[592],[252],[120],[360],[424],[934],[254],[323],[735],[295],[568],[510],[362],[710],[629],[897],[790],[937],[483],[413],[669],[281],[463],[648],[200],[940],[159],[813],[302],[253],[942],[688],[920],[134],[924],[633],[693],[944],[535],[51],[678],[440],[597],[540],[845],[580],[271],[70],[936],[468],[137],[449],[277],[159],[71],[719],[297],[931],[307],[614],[115],[633],[116],[186],[491],[126],[44],[703],[19],[212],[744],[824],[133],[366],[216],[372],[478],[356],[745],[477],[28],[927],[893],[128],[420],[274]
67,[333],[954],[33],[41],[951],[649],[281],[415],[522],[427],[629],[26],[148],[637],[522],[899],[913],[561],[423],[429],[188],[369],[360],[702],[692],[915],[40],[592],[263],[864],[578],[895],[176],[585],[944],[289],[247],[763],[891],[924],[206],[803],[37],[399],[575],[300],[55],[112],[589],[358],[994],[777],[158],[722],[119],[895],[499],[215],[879],[476],[247],[759],[365],[755],[970],[577],[207],[102],[194],[947],[972],[738],[988],[805],[919],[66],[930],[269],[89],[232],[562],[408],[326],[521],[671],[922],[309],[773],[673],[990],[907],[877],[446],[888],[73],[579],[793],[40],[94],[740]
68,[805],[313],[245],[153],[823],[839],[535],[205],[172],[573],[248],[947],[487],[917],[473],[61],[6],[494],[420],[54],[916],[402],[912],[239],[990],[98],[92],[412],[664],[981],[74],[506],[735],[526],[962],[168],[626],[244],[766],[695],[990],[435],[868],[865],[54],[27],[354],[956],[73],[531],[8],[88],[261],[667],[390],[443],[4],[867],[330],[912],[555],[366],[247],[860],[989],[797],[90],[317],[170],[162],[622],[341],[259],[689],[941],[144],[313],[647],[740],[447],[906],[776],[84],[583],[659],[636],[644],[186],[981],[22],[673],[931],[919],[473],[256],[706],[534],[286],[286],[627]
69,[87],[57],[311],[695],[520],[32],[923],[928],[500],[353],[703],[447],[471],[97],[317],[774],[856],[632],[274],[337],[785],[456],[717],[840],[738],[785],[766],[807],[797],[401],[193],[39],[721],[41],[840],[510],[399],[787],[812],[555],[337],[385],[209],[36],[698],[661],[226],[3],[983],[965],[108],[341],[180],[216],[350],[423],[28],[715],[423],[898],[38],[136],[427],[85],[195],[424],[343],[852],[634],[991],[654],[395],[222],[312],[622],[902],[504],[702],[468],[980],[80],[540],[224],[690],[883],[621],[269],[962],[610],[930],[783],[427],[558],[555],[536],[13],[20],[981],[680],[458]
70,[721],[212],[273],[11],[667],[338],[48],[27],[622],[155],[197],[400],[677],[234],[700],[845],[607],[569],[895],[70],[460],[139],[75],[41],[557],[947],[623],[911],[676],[561],[763],[233],[399],[524],[84],[706],[240],[907],[878],[552],[85],[749],[695],[220],[486],[331],[855],[219],[740],[479],[468],[41],[68],[938],[188],[960],[291],[334],[984],[210],[556],[645],[678],[649],[793],[766],[918],[782],[274],[505],[835],[225],[91],[708],[727],[125],[561],[204],[624],[976],[273],[62],[818],[95],[228],[985],[933],[127],[344],[54],[980],[218],[478],[225],[249],[280],[905],[53],[530],[651]
71,[747],[554],[596],[265],[842],[741],[218],[90],[862],[139],[174],[949],[905],[443],[78],[229],[23],[381],[741],[563],[560],[443],[559],[376],[819],[186],[640],[122],[938],[942],[601],[936],[10],[988],[519],[254],[740],[515],[480],[134],[951],[244],[787],[446],[261],[939],[403],[947],[348],[768],[518],[857],[668],[619],[335],[627],[622],[636],[902],[917],[479],[227],[643],[93],[652],[223],[198],[764],[946],[912],[69],[457],[232],[517],[469],[9],[578],[303],[628],[611],[451],[673],[75],[254],[94],[446],[650],[130],[573],[673],[474],[954],[209],[816],[152],[428],[179],[714],[684],[536]
72,[511],[535],[234],[166],[714],[732],[845],[443],[789],[932],[956],[229],[570],[838],[583],[287],[600],[948],[609],[151],[112],[181],[828],[413],[984],[605],[777],[499],[437],[548],[843],[744],[474],[522],[411],[299],[641],[398],[777],[668],[777],[826],[135],[885],[246],[616],[70],[969],[327],[937],[381],[619],[43],[898],[790],[941],[36],[580],[794],[437],[293],[262],[491],[302],[389],[244],[725],[197],[368],[585],[363],[525],[463],[278],[882],[328],[741],[405],[797],[257],[129],[82],[452],[627],[547],[518],[858],[384],[689],[139],[918],[134],[267],[587],[685],[633],[506],[864],[198],[842]
73,[581],[776],[823],[594],[226],[862],[637],[442],[146],[308],[141],[320],[644],[406],[289],[127],[85],[903],[279],[940],[879],[833],[921],[79],[888],[205],[812],[733],[315],[36],[42],[370],[188],[241],[834],[578],[394],[661],[229],[109],[209],[940],[929],[714],[495],[414],[134],[924],[231],[209],[494],[175],[873],[774],[852],[26],[53],[460],[600],[335],[891],[284],[291],[352],[113],[522],[696],[215],[300],[399],[605],[323],[471],[607],[971],[722],[325],[747],[887],[686],[63],[992],[264],[91],[829],[618],[987],[272],[393],[851],[529],[456],[974],[430],[315],[854],[929],[855],[706],[136]
74,[796],[310],[801],[8],[327],[488],[714],[856],[36],[753],[443],[178],[666],[452],[600],[204],[503],[946],[433],[383],[484],[596],[558],[216],[8],[896],[471],[236],[970],[386],[983],[574],[366],[50],[525],[231],[795],[621],[970],[737],[963],[134],[672],[168],[360],[66],[846],[416],[634],[866],[81],[781],[15],[505],[470],[221],[377],[287],[619],[980],[94],[222],[673],[960],[203],[610],[12],[714],[262],[766],[548],[435],[457],[606],[966],[252],[695],[520],[482],[291],[57],[37],[114],[346],[824],[510],[635],[376],[416],[956],[117],[759],[281],[322],[823],[684],[465],[515],[942],[795]
75,[556],[601],[923],[352],[543],[155],[194],[510],[103],[304],[829],[886],[843],[335],[737],[586],[789],[730],[367],[141],[806],[299],[494],[88],[438],[70],[469],[806],[92],[180],[395],[424],[221],[708],[292],[528],[459],[690],[675],[329],[897],[470],[692],[465],[335],[750],[267],[970],[859],[671],[212],[167],[727],[665],[999],[632],[175],[496],[236],[275],[911],[76],[168],[692],[339],[240],[234],[727],[277],[611],[997],[117],[303],[832],[532],[840],[192],[328],[204],[17],[71],[281],[335],[476],[951],[989],[303],[206],[925],[7],[135],[677],[816],[39],[116],[498],[920],[499],[413],[612]
76,[705],[997],[584],[940],[524],[81],[162],[812],[875],[781],[226],[52],[892],[796],[42],[603],[259],[413],[83],[454],[130],[759],[844],[522],[706],[773],[272],[160],[895],[145],[321],[628],[616],[28],[374],[72],[0],[617],[789],[927],[318],[143],[120],[87],[67],[21],[629],[210],[727],[252],[587],[560],[239],[88],[291],[182],[874],[410],[54],[371],[337],[621],[574],[18],[684],[895],[788],[620],[222],[921],[164],[952],[287],[721],[706],[477],[726],[698],[688],[65],[696],[161],[241],[21],[175],[174],[565],[481],[137],[899],[723],[337],[551],[126],[510],[254],[38],[640],[456],[23]
77,[1],[886],[956],[151],[409],[414],[445],[762],[994],[17],[301],[716],[405],[632],[685],[879],[532],[969],[61],[632],[387],[61],[22],[399],[829],[531],[246],[278],[311],[253],[600],[52],[486],[171],[304],[229],[685],[416],[348],[550],[597],[77],[716],[277],[56],[382],[759],[814],[771],[49],[665],[294],[377],[332],[82],[82],[776],[456],[114],[585],[767],[852],[837],[215],[185],[648],[551],[185],[649],[517],[194],[910],[529],[242],[107],[991],[598],[426],[686],[82],[359],[882],[529],[699],[917],[262],[872],[519],[54],[612],[516],[794],[646],[192],[903],[213],[944],[102],[626],[529]
78,[664],[641],[846],[361],[318],[391],[421],[641],[829],[50],[520],[188],[687],[598],[948],[960],[628],[47],[146],[297],[211],[787],[152],[349],[509],[137],[217],[162],[731],[658],[457],[397],[120],[269],[882],[379],[33],[248],[752],[608],[676],[911],[164],[437],[883],[799],[913],[192],[694],[874],[41],[932],[747],[345],[427],[797],[751],[760],[37],[641],[35],[550],[343],[158],[560],[181],[804],[795],[286],[789],[178],[29],[594],[941],[905],[63],[601],[500],[196],[405],[636],[203],[562],[624],[12],[93],[550],[0],[140],[175],[569],[593],[526],[566],[49],[297],[725],[665],[241],[65]
79,[971],[912],[527],[770],[462],[517],[34],[717],[656],[399],[179],[210],[377],[833],[269],[998],[114],[305],[671],[283],[92],[234],[601],[255],[887],[502],[278],[261],[956],[309],[212],[716],[674],[627],[600],[338],[261],[640],[677],[207],[406],[660],[144],[282],[734],[922],[739],[308],[481],[184],[253],[613],[32],[247],[294],[162],[602],[898],[940],[97],[151],[297],[718],[203],[552],[152],[598],[670],[101],[85],[876],[30],[528],[446],[19],[136],[793],[642],[152],[798],[803],[207],[896],[185],[565],[322],[822],[849],[398],[573],[882],[447],[70],[310],[439],[406],[658],[467],[370],[738]
80,[608],[975],[345],[298],[202],[852],[5],[198],[934],[938],[298],[519],[468],[209],[214],[3],[926],[468],[831],[637],[321],[768],[212],[632],[306],[594],[902],[196],[248],[918],[35],[86],[485],[458],[307],[327],[377],[893],[467],[382],[988],[133],[489],[214],[648],[320],[28],[274],[548],[908],[607],[86],[317],[976],[964],[131],[909],[650],[820],[535],[40],[568],[346],[953],[507],[847],[540],[825],[612],[802],[895],[996],[325],[827],[858],[29],[887],[495],[574],[124],[783],[22],[847],[44],[533],[678],[520],[310],[310],[944],[834],[244],[465],[433],[38],[736],[436],[149],[182],[122]
81,[83],[764],[550],[54],[103],[920],[809],[386],[378],[705],[232],[309],[965],[643],[112],[713],[139],[966],[504],[643],[704],[496],[333],[248],[555],[815],[167],[771],[91],[469],[429],[535],[684],[418],[663],[266],[571],[471],[513],[994],[70],[463],[979],[170],[70],[353],[596],[271],[39],[789],[103],[820],[607],[155],[601],[857],[335],[903],[881],[16],[252],[944],[376],[488],[263],[630],[500],[183],[386],[742],[391],[406],[345],[39],[314],[115],[24],[208],[950],[446],[565],[826],[675],[47],[364],[726],[93],[549],[324],[752],[343],[47],[677],[383],[933],[331],[140],[247],[971],[549]
82,[37],[467],[860],[776],[147],[436],[324],[709],[774],[309],[984],[910],[844],[417],[544],[324],[666],[887],[980],[709],[486],[398],[472],[655],[646],[411],[139],[935],[977],[540],[191],[60],[332],[7],[767],[210],[296],[979],[579],[169],[53],[679],[528],[583],[888],[10],[928],[768],[925],[190],[50],[196],[981],[352],[749],[134],[564],[297],[877],[621],[850],[544],[564],[433],[441],[823],[335],[228],[894],[811],[940],[635],[209],[994],[615],[350],[862],[490],[376],[778],[817],[666],[58],[632],[650],[462],[639],[587],[473],[288],[17],[232],[161],[509],[586],[231],[818],[998],[748],[476]
83,[430],[860],[21],[764],[127],[692],[785],[957],[652],[314],[963],[822],[299],[968],[433],[217],[583],[869],[562],[145],[42],[791],[981],[147],[948],[796],[685],[762],[987],[452],[392],[501],[682],[670],[832],[833],[991],[139],[276],[912],[844],[58],[116],[807],[683],[308],[964],[758],[42],[705],[773],[252],[610],[265],[639],[565],[126],[625],[509],[319],[303],[379],[645],[842],[432],[576],[176],[1],[35],[376],[376],[474],[15],[276],[263],[206],[240],[241],[48],[0],[886],[95],[904],[932],[127],[692],[96],[835],[936],[466],[382],[578],[956],[55],[740],[719],[602],[806],[974],[558]
84,[669],[679],[189],[706],[600],[65],[494],[904],[551],[911],[97],[854],[130],[930],[885],[240],[51],[687],[875],[704],[574],[638],[391],[119],[233],[586],[570],[223],[266],[944],[603],[20],[923],[114],[589],[547],[772],[219],[368],[23],[439],[772],[456],[658],[456],[153],[373],[427],[9],[763],[750],[770],[814],[897],[450],[33],[821],[626],[477],[975],[243],[354],[16],[817],[862],[45],[660],[507],[974],[173],[223],[298],[783],[371],[74],[24],[673],[886],[42],[998],[224],[811],[727],[661],[301],[588],[665],[580],[950],[258],[460],[933],[902],[951],[958],[470],[745],[368],[866],[230]
85,[804],[352],[792],[375],[594],[442],[627],[994],[901],[738],[349],[219],[31],[961],[363],[485],[799],[548],[493],[60],[314],[686],[616],[83],[431],[418],[184],[701],[777],[457],[439],[217],[104],[184],[311],[748],[387],[218],[715],[984],[755],[821],[218],[609],[468],[775],[633],[776],[661],[137],[724],[338],[579],[101],[385],[568],[706],[538],[458],[907],[153],[632],[884],[431],[94],[351],[794],[591],[47],[339],[473],[495],[465],[788],[17],[482],[485],[945],[748],[180],[952],[355],[465],[486],[360],[327],[788],[875],[835],[166],[908],[86],[922],[766],[122],[414],[471],[116],[492],[936]
86,[896],[722],[483],[448],[808],[411],[915],[501],[853],[731],[308],[279],[376],[623],[329],[817],[923],[472],[590],[435],[572],[566],[21],[499],[138],[256],[230],[221],[680],[596],[745],[908],[673],[626],[795],[600],[331],[456],[195],[534],[307],[788],[518],[330],[912],[125],[212],[870],[213],[692],[813],[696],[234],[286],[219],[630],[786],[883],[298],[310],[225],[247],[571],[816],[241],[508],[88],[565],[192],[171],[377],[44],[901],[34],[725],[472],[391],[351],[33],[442],[871],[13],[637],[830],[678],[720],[874],[494],[154],[830],[818],[687],[196],[498],[574],[345],[342],[803],[896],[350]
87,[340],[618],[756],[240],[982],[23],[651],[381],[187],[324],[825],[539],[353],[782],[156],[279],[504],[447],[292],[486],[903],[935],[724],[34],[959],[937],[546],[6],[502],[577],[685],[159],[774],[797],[789],[273],[28],[110],[420],[633],[632],[955],[906],[950],[520],[584],[106],[524],[243],[355],[207],[801],[154],[964],[605],[328],[749],[468],[6],[470],[713],[712],[7],[144],[162],[511],[849],[334],[32],[27],[372],[47],[727],[427],[339],[968],[399],[836],[851],[110],[240],[600],[14],[772],[275],[97],[652],[297],[941],[955],[111],[489],[204],[234],[545],[763],[85],[785],[25],[578]
88,[435],[249],[337],[263],[526],[258],[462],[352],[709],[385],[41],[113],[834],[859],[818],[135],[415],[753],[289],[655],[524],[197],[826],[40],[735],[588],[552],[164],[224],[921],[818],[877],[376],[603],[174],[661],[488],[480],[494],[456],[792],[727],[232],[833],[226],[548],[962],[284],[930],[767],[153],[599],[988],[344],[276],[674],[841],[70],[628],[700],[682],[703],[76],[145],[711],[484],[116],[37],[735],[261],[621],[316],[117],[835],[672],[347],[668],[278],[105],[553],[344],[401],[592],[974],[766],[602],[311],[922],[471],[633],[307],[707],[260],[159],[484],[20],[969],[134],[807],[430]
89,[493],[151],[822],[426],[912],[447],[605],[993],[738],[680],[335],[195],[757],[119],[382],[77],[655],[991],[652],[938],[726],[280],[900],[85],[222],[945],[892],[863],[576],[896],[420],[387],[387],[129],[694],[827],[270],[59],[573],[542],[48],[351],[883],[840],[196],[2],[437],[153],[805],[779],[906],[144],[822],[607],[708],[554],[697],[850],[521],[140],[265],[295],[672],[239],[240],[64],[68],[563],[4],[425],[655],[828],[362],[162],[815],[743],[294],[942],[245],[750],[657],[383],[61],[37],[421],[917],[823],[410],[892],[658],[276],[658],[443],[88],[846],[738],[643],[14],[445],[17]
90,[763],[628],[479],[236],[807],[336],[528],[535],[420],[435],[389],[547],[609],[944],[920],[331],[517],[330],[39],[389],[177],[351],[167],[3],[739],[730],[994],[301],[347],[336],[751],[838],[888],[958],[429],[499],[881],[839],[157],[561],[364],[49],[235],[597],[644],[408],[110],[653],[923],[276],[489],[36],[685],[633],[862],[484],[548],[744],[683],[59],[172],[224],[40],[201],[410],[412],[79],[728],[906],[389],[81],[571],[349],[340],[425],[826],[963],[732],[736],[338],[329],[820],[686],[803],[315],[27],[545],[344],[862],[10],[686],[187],[850],[606],[722],[937],[246],[801],[440],[909]
91,[398],[743],[49],[963],[331],[68],[789],[243],[785],[808],[7],[88],[5],[429],[594],[78],[984],[27],[792],[756],[124],[217],[789],[354],[903],[732],[646],[11],[671],[891],[100],[313],[430],[991],[813],[895],[982],[47],[311],[951],[654],[72],[535],[43],[94],[459],[698],[968],[488],[739],[255],[337],[638],[970],[274],[446],[463],[111],[96],[334],[131],[719],[577],[916],[872],[690],[427],[638],[436],[471],[666],[362],[469],[43],[260],[748],[239],[581],[953],[2],[959],[430],[360],[918],[262],[603],[491],[196],[285],[511],[934],[723],[826],[535],[695],[806],[970],[653],[891],[56]
92,[328],[873],[581],[555],[866],[236],[709],[456],[553],[892],[926],[798],[101],[272],[954],[312],[798],[698],[145],[80],[13],[164],[824],[179],[139],[606],[903],[407],[237],[33],[836],[190],[738],[612],[29],[452],[850],[962],[725],[992],[640],[292],[426],[430],[416],[625],[459],[75],[871],[202],[657],[326],[0],[531],[519],[324],[393],[2],[914],[80],[755],[209],[147],[475],[705],[238],[268],[75],[337],[940],[983],[760],[955],[439],[825],[839],[337],[339],[581],[181],[913],[867],[995],[473],[400],[790],[420],[135],[858],[713],[977],[731],[287],[256],[407],[662],[574],[862],[255],[771]
93,[772],[717],[121],[736],[939],[304],[960],[963],[22],[0],[867],[840],[576],[93],[657],[619],[288],[197],[234],[314],[363],[702],[455],[766],[664],[571],[84],[507],[856],[715],[817],[69],[740],[310],[310],[990],[225],[890],[819],[463],[23],[654],[621],[811],[95],[567],[798],[643],[395],[695],[293],[332],[555],[657],[100],[89],[382],[718],[432],[596],[610],[835],[177],[111],[645],[499],[785],[545],[888],[441],[937],[378],[589],[737],[394],[718],[755],[294],[251],[706],[861],[774],[181],[742],[342],[916],[76],[735],[377],[875],[714],[74],[197],[452],[914],[457],[395],[155],[967],[755]
94,[700],[22],[560],[449],[666],[757],[954],[194],[348],[266],[800],[433],[321],[362],[401],[724],[812],[542],[384],[790],[943],[400],[596],[342],[503],[782],[39],[810],[843],[151],[58],[214],[566],[373],[23],[158],[974],[832],[104],[843],[287],[643],[770],[810],[852],[833],[394],[744],[792],[412],[893],[795],[774],[282],[200],[61],[747],[391],[773],[906],[545],[442],[298],[287],[496],[489],[569],[56],[992],[793],[474],[949],[324],[361],[601],[755],[701],[476],[852],[958],[516],[356],[113],[22],[197],[495],[403],[640],[908],[24],[31],[455],[679],[866],[504],[819],[54],[600],[63],[917]
95,[842],[518],[720],[92],[761],[986],[305],[626],[675],[959],[86],[531],[681],[763],[194],[4],[446],[322],[224],[292],[733],[903],[787],[370],[422],[931],[0],[977],[246],[215],[725],[529],[791],[384],[650],[541],[925],[928],[611],[225],[670],[235],[70],[278],[855],[451],[101],[889],[354],[860],[581],[873],[157],[627],[722],[956],[26],[576],[550],[597],[544],[809],[954],[122],[428],[401],[49],[83],[678],[320],[762],[355],[861],[590],[194],[225],[975],[651],[609],[916],[807],[73],[7],[780],[251],[975],[153],[20],[315],[739],[85],[599],[888],[123],[400],[482],[468],[833],[541],[674]
96,[576],[93],[319],[918],[690],[242],[764],[628],[331],[677],[827],[152],[739],[618],[338],[810],[171],[371],[953],[470],[364],[925],[985],[46],[643],[324],[949],[919],[365],[197],[636],[433],[247],[290],[643],[776],[358],[785],[159],[777],[981],[710],[785],[56],[24],[100],[661],[665],[141],[736],[99],[105],[433],[968],[143],[386],[894],[322],[119],[883],[497],[496],[639],[573],[105],[722],[310],[177],[647],[879],[566],[681],[624],[368],[110],[599],[54],[197],[420],[164],[250],[920],[974],[629],[310],[465],[72],[101],[863],[161],[893],[94],[333],[131],[162],[239],[473],[192],[972],[524]
97,[456],[745],[281],[267],[533],[958],[60],[426],[460],[952],[944],[233],[888],[467],[247],[491],[528],[825],[376],[317],[198],[450],[726],[527],[128],[753],[957],[536],[570],[433],[781],[729],[604],[545],[8],[872],[808],[709],[685],[22],[510],[361],[67],[763],[82],[341],[445],[345],[142],[461],[686],[778],[486],[364],[559],[400],[575],[566],[313],[25],[874],[390],[87],[787],[448],[784],[461],[16],[434],[201],[555],[780],[543],[948],[795],[481],[69],[782],[640],[951],[943],[26],[199],[469],[638],[440],[832],[611],[816],[716],[582],[746],[235],[162],[761],[592],[417],[160],[291],[509]
98,[242],[126],[918],[129],[566],[950],[632],[224],[470],[200],[83],[237],[943],[831],[710],[538],[409],[241],[814],[883],[63],[656],[684],[316],[448],[215],[690],[650],[798],[705],[172],[105],[526],[34],[904],[189],[971],[221],[557],[432],[677],[67],[510],[591],[122],[256],[900],[282],[629],[635],[314],[7],[564],[245],[797],[439],[953],[533],[805],[729],[41],[199],[988],[937],[200],[233],[417],[135],[821],[748],[337],[661],[30],[374],[421],[449],[199],[250],[791],[418],[13],[90],[54],[698],[492],[881],[161],[881],[25],[564],[609],[235],[259],[487],[393],[729],[26],[184],[537],[912]
99,[855],[532],[424],[906],[547],[420],[469],[811],[241],[261],[918],[216],[617],[226],[366],[345],[63],[18],[282],[408],[204],[530],[324],[361],[386],[747],[809],[383],[378],[302],[47],[921],[818],[580],[823],[286],[47],[744],[679],[393],[341],[815],[365],[775],[383],[410],[426],[913],[91],[891],[632],[686],[717],[49],[526],[770],[578],[296],[851],[282],[31],[575],[82],[593],[158],[894],[944],[59],[429],[724],[989],[461],[37],[487],[201],[720],[777],[837],[808],[975],[748],[747],[895],[507],[799],[359],[806],[732],[806],[951],[333],[805],[112],[112],[207],[98],[642],[278],[901],[955]
100,[642],[973],[620],[844],[240],[570],[451],[213],[543],[910],[873],[739],[98],[392],[369],[568],[283],[116],[530],[175],[469],[347],[35],[445],[522],[457],[883],[467],[256],[114],[972],[63],[85],[99],[791],[778],[470],[183],[806],[313],[737],[611],[842],[290],[29],[170],[141],[197],[420],[668],[74],[226],[266],[624],[812],[773],[662],[473],[971],[306],[621],[564],[303],[276],[123],[699],[130],[111],[596],[878],[496],[561],[917],[509],[525],[43],[44],[3],[768],[203],[690],[97],[593],[730],[567],[450],[956],[832],[490],[436],[756],[431],[256],[627],[165],[332],[907],[753],[126],[187]
101,[471],[484],[463],[992],[170],[406],[404],[81],[840],[667],[897],[563],[45],[122],[410],[425],[719],[673],[707],[341],[432],[209],[1],[544],[268],[733],[243],[859],[145],[952],[419],[179],[394],[550],[973],[149],[840],[501],[54],[704],[355],[107],[182],[635],[192],[154],[466],[148],[767],[996],[948],[113],[138],[356],[45],[526],[406],[149],[263],[634],[246],[708],[680],[688],[582],[249],[140],[553],[371],[309],[74],[562],[65],[803],[621],[439],[847],[274],[711],[153],[284],[259],[539],[804],[731],[106],[106],[368],[919],[580],[223],[824],[549],[421],[849],[717],[578],[88],[600],[293]
102,[512],[8],[630],[338],[790],[796],[660],[623],[621],[778],[200],[421],[28],[624],[105],[512],[830],[951],[448],[196],[34],[891],[432],[673],[445],[525],[680],[480],[184],[858],[514],[690],[107],[488],[156],[968],[799],[924],[296],[232],[982],[94],[962],[617],[897],[38],[916],[408],[77],[701],[404],[296],[969],[681],[875],[730],[486],[559],[738],[532],[847],[974],[192],[223],[992],[247],[594],[9],[438],[887],[596],[986],[640],[346],[367],[769],[143],[537],[805],[908],[125],[372],[964],[975],[182],[728],[171],[64],[307],[491],[584],[564],[971],[14],[282],[156],[55],[86],[236],[365]
103,[770],[178],[571],[783],[39],[134],[253],[277],[742],[256],[806],[470],[656],[894],[478],[215],[437],[680],[722],[77],[896],[223],[842],[197],[881],[609],[426],[18],[336],[231],[939],[944],[132],[685],[595],[492],[120],[318],[940],[570],[128],[998],[373],[978],[722],[794],[684],[627],[315],[378],[12],[28],[721],[520],[412],[477],[928],[233],[238],[573],[136],[808],[570],[281],[571],[2],[510],[257],[625],[303],[503],[239],[267],[656],[100],[814],[284],[218],[484],[454],[843],[154],[78],[907],[73],[413],[206],[15],[938],[835],[630],[867],[261],[650],[856],[307],[906],[993],[813],[463]
104,[662],[443],[251],[450],[729],[39],[757],[133],[364],[541],[563],[793],[956],[923],[485],[941],[525],[307],[299],[55],[955],[251],[134],[750],[52],[955],[150],[677],[250],[388],[507],[439],[775],[106],[593],[861],[109],[721],[2],[875],[742],[784],[468],[320],[291],[187],[240],[376],[745],[503],[431],[698],[417],[818],[292],[150],[956],[896],[442],[773],[920],[951],[127],[471],[633],[692],[311],[438],[180],[312],[119],[201],[80],[231],[560],[906],[853],[896],[200],[443],[371],[653],[609],[385],[486],[484],[842],[565],[47],[380],[168],[280],[347],[141],[133],[292],[175],[937],[712],[75]
105,[836],[398],[295],[3],[947],[983],[252],[162],[354],[950],[154],[852],[285],[865],[827],[994],[790],[749],[277],[841],[515],[675],[586],[111],[666],[788],[719],[856],[153],[846],[621],[61],[449],[298],[338],[70],[907],[63],[9],[978],[748],[6],[96],[941],[761],[469],[586],[852],[515],[545],[884],[157],[426],[888],[793],[510],[891],[294],[98],[615],[606],[322],[14],[231],[71],[670],[728],[961],[10],[55],[902],[605],[181],[885],[819],[514],[251],[818],[858],[220],[823],[952],[516],[960],[528],[179],[363],[62],[223],[449],[380],[144],[828],[364],[520],[626],[14],[297],[801],[949]
106,[47],[435],[567],[951],[448],[555],[297],[384],[143],[930],[34],[302],[624],[797],[973],[300],[999],[498],[924],[766],[44],[216],[619],[464],[982],[508],[91],[97],[877],[902],[170],[508],[946],[609],[603],[500],[34],[153],[642],[400],[11],[265],[198],[545],[884],[633],[156],[854],[860],[529],[462],[490],[917],[738],[386],[625],[171],[946],[127],[809],[221],[775],[146],[245],[947],[393],[396],[242],[182],[695],[499],[916],[413],[976],[575],[244],[86],[517],[145],[265],[14],[5],[345],[77],[81],[773],[836],[67],[9],[327],[683],[635],[719],[137],[188],[265],[77],[139],[311],[33]
107,[799],[24],[263],[74],[756],[620],[724],[438],[917],[484],[48],[361],[679],[489],[513],[748],[108],[989],[601],[388],[952],[907],[345],[625],[765],[811],[853],[844],[392],[970],[715],[510],[934],[348],[928],[543],[629],[469],[1],[89],[998],[40],[304],[256],[843],[755],[81],[446],[57],[813],[961],[872],[690],[17],[631],[982],[273],[840],[713],[940],[157],[378],[646],[922],[487],[28],[11],[865],[107],[152],[794],[42],[991],[229],[548],[616],[434],[906],[863],[524],[499],[6],[59],[621],[858],[107],[812],[935],[172],[5],[917],[253],[574],[914],[521],[77],[160],[922],[192],[4]
108,[423],[550],[577],[543],[696],[535],[391],[848],[227],[499],[431],[737],[646],[638],[371],[695],[694],[732],[439],[295],[766],[343],[53],[863],[103],[985],[292],[239],[13],[93],[470],[920],[246],[113],[877],[932],[347],[43],[71],[368],[509],[162],[27],[109],[66],[252],[100],[77],[0],[771],[646],[364],[583],[19],[962],[593],[677],[202],[183],[937],[486],[223],[812],[218],[140],[162],[413],[582],[198],[446],[246],[795],[887],[519],[947],[419],[609],[669],[455],[16],[269],[847],[739],[922],[640],[99],[511],[44],[447],[826],[293],[90],[222],[601],[946],[491],[580],[263],[663],[722]
109,[27],[25],[613],[630],[392],[367],[499],[583],[374],[472],[272],[324],[415],[879],[922],[110],[846],[108],[781],[32],[818],[60],[58],[630],[228],[41],[947],[72],[915],[686],[411],[645],[463],[939],[920],[383],[477],[455],[435],[242],[13],[503],[730],[335],[878],[508],[886],[335],[214],[183],[593],[731],[196],[210],[902],[691],[551],[594],[885],[62],[380],[331],[126],[240],[291],[809],[618],[548],[125],[486],[339],[451],[130],[444],[809],[845],[959],[756],[197],[874],[294],[1],[596],[293],[243],[558],[966],[103],[986],[768],[864],[317],[144],[741],[960],[408],[986],[822],[55],[778]
110,[973],[662],[322],[884],[598],[584],[572],[225],[328],[638],[175],[986],[319],[752],[925],[490],[36],[526],[108],[109],[816],[577],[225],[1],[867],[921],[214],[98],[488],[810],[995],[476],[697],[451],[610],[911],[116],[447],[651],[929],[554],[370],[43],[857],[478],[823],[711],[577],[232],[475],[629],[474],[803],[295],[991],[17],[881],[164],[987],[89],[887],[355],[990],[867],[655],[466],[580],[173],[826],[84],[733],[717],[490],[632],[312],[740],[463],[693],[55],[993],[156],[468],[313],[763],[569],[830],[306],[256],[497],[900],[959],[851],[505],[66],[943],[27],[688],[146],[4],[588]
111,[371],[480],[763],[680],[95],[834],[213],[128],[529],[373],[156],[764],[440],[125],[415],[386],[309],[846],[588],[235],[440],[865],[532],[760],[218],[167],[462],[447],[160],[656],[802],[326],[272],[499],[580],[165],[345],[728],[544],[262],[83],[261],[768],[781],[273],[520],[60],[255],[509],[889],[798],[634],[691],[857],[672],[81],[297],[836],[673],[633],[311],[652],[978],[494],[494],[379],[748],[905],[763],[419],[979],[918],[261],[743],[576],[626],[908],[259],[511],[929],[960],[941],[812],[895],[160],[118],[638],[509],[13],[430],[184],[906],[530],[630],[378],[805],[313],[81],[423],[372]
112,[583],[691],[216],[794],[54],[616],[644],[828],[33],[632],[217],[78],[918],[252],[201],[191],[340],[342],[56],[456],[367],[348],[187],[977],[119],[602],[643],[81],[144],[597],[915],[654],[7],[281],[849],[645],[666],[540],[523],[794],[569],[449],[443],[432],[61],[335],[838],[157],[405],[469],[477],[106],[383],[259],[436],[919],[123],[189],[147],[662],[123],[997],[823],[966],[144],[767],[146],[126],[79],[858],[99],[907],[686],[351],[994],[229],[867],[761],[518],[892],[322],[348],[657],[164],[775],[749],[427],[336],[174],[403],[387],[510],[241],[289],[576],[28],[554],[119],[352],[644]
113,[210],[85],[12],[100],[578],[75],[362],[908],[15],[608],[252],[109],[205],[20],[86],[117],[164],[287],[159],[811],[978],[446],[692],[150],[380],[172],[738],[776],[88],[787],[266],[603],[712],[837],[258],[540],[5],[271],[874],[180],[172],[495],[517],[674],[216],[305],[308],[298],[747],[77],[681],[682],[341],[747],[539],[818],[237],[441],[392],[383],[223],[201],[957],[539],[580],[496],[897],[805],[227],[550],[547],[740],[360],[115],[818],[564],[241],[437],[848],[642],[887],[455],[668],[626],[946],[87],[991],[983],[104],[61],[838],[937],[674],[883],[240],[608],[403],[274],[268],[835]
114,[620],[10],[342],[425],[493],[334],[343],[862],[855],[563],[675],[686],[476],[888],[525],[621],[590],[109],[12],[318],[302],[396],[982],[31],[191],[63],[717],[568],[5],[865],[773],[206],[108],[932],[676],[573],[278],[270],[713],[292],[320],[935],[320],[207],[264],[393],[488],[491],[653],[57],[545],[198],[128],[514],[439],[620],[937],[452],[139],[860],[902],[198],[98],[589],[274],[652],[394],[202],[550],[835],[955],[754],[365],[47],[719],[380],[160],[105],[999],[946],[780],[389],[784],[383],[314],[539],[467],[603],[875],[891],[426],[958],[104],[773],[274],[494],[30],[657],[403],[466]
115,[965],[701],[559],[646],[867],[216],[66],[108],[428],[977],[654],[426],[486],[966],[207],[116],[833],[129],[729],[737],[17],[319],[339],[410],[616],[958],[181],[946],[763],[534],[814],[209],[921],[400],[892],[642],[955],[511],[430],[607],[769],[177],[4],[86],[316],[25],[409],[272],[257],[124],[759],[941],[926],[68],[838],[777],[691],[860],[258],[440],[586],[619],[78],[296],[848],[127],[771],[841],[501],[288],[742],[408],[355],[926],[197],[999],[74],[653],[529],[163],[455],[350],[427],[328],[103],[480],[100],[626],[241],[522],[671],[182],[351],[953],[192],[959],[757],[108],[588],[920]
116,[830],[729],[202],[39],[290],[521],[129],[919],[535],[92],[368],[265],[213],[947],[144],[70],[774],[460],[555],[886],[74],[743],[748],[496],[284],[695],[499],[152],[81],[749],[424],[473],[864],[65],[721],[753],[105],[36],[133],[397],[514],[887],[266],[205],[25],[491],[977],[752],[615],[233],[692],[489],[289],[97],[982],[615],[926],[753],[778],[565],[392],[388],[413],[136],[713],[51],[46],[290],[108],[212],[33],[504],[746],[358],[738],[723],[104],[279],[743],[554],[363],[113],[985],[514],[666],[708],[710],[5],[729],[39],[843],[148],[490],[320],[398],[109],[975],[572],[112],[628]
117,[567],[572],[112],[529],[772],[823],[901],[805],[291],[210],[312],[75],[431],[15],[512],[556],[497],[37],[161],[61],[418],[368],[267],[303],[195],[929],[936],[732],[735],[533],[546],[144],[227],[505],[854],[147],[460],[291],[739],[540],[263],[513],[88],[850],[639],[493],[102],[849],[852],[10],[1],[913],[232],[783],[463],[717],[154],[399],[668],[948],[936],[300],[722],[875],[514],[957],[4],[240],[996],[867],[123],[148],[323],[658],[892],[894],[805],[654],[434],[18],[260],[898],[926],[35],[13],[846],[43],[930],[984],[818],[456],[207],[122],[595],[128],[461],[125],[242],[34],[425]
118,[494],[411],[887],[973],[176],[766],[436],[854],[451],[603],[134],[522],[189],[607],[711],[674],[974],[564],[201],[498],[333],[716],[372],[449],[415],[995],[597],[670],[811],[499],[428],[879],[135],[359],[161],[909],[35],[740],[179],[328],[961],[314],[293],[176],[613],[128],[710],[586],[303],[712],[583],[839],[64],[257],[414],[712],[614],[858],[837],[736],[377],[16],[325],[266],[298],[803],[240],[585],[58],[257],[755],[137],[978],[127],[403],[732],[448],[980],[120],[117],[779],[89],[390],[753],[790],[49],[603],[622],[208],[53],[417],[984],[322],[503],[144],[87],[66],[613],[723],[316]
119,[814],[752],[705],[270],[150],[395],[708],[461],[694],[523],[366],[51],[417],[790],[361],[861],[976],[454],[104],[20],[845],[844],[864],[158],[708],[169],[41],[785],[921],[856],[213],[537],[362],[926],[874],[123],[667],[526],[8],[855],[628],[237],[279],[923],[266],[822],[357],[386],[210],[22],[934],[187],[805],[652],[239],[574],[115],[987],[257],[896],[616],[650],[651],[598],[207],[403],[330],[209],[28],[514],[645],[299],[662],[556],[572],[291],[513],[676],[404],[125],[576],[788],[576],[687],[100],[83],[855],[440],[844],[346],[780],[921],[875],[422],[308],[832],[908],[114],[496],[897]
120,[604],[731],[787],[83],[441],[773],[374],[175],[7],[325],[879],[637],[583],[803],[747],[437],[993],[881],[114],[792],[69],[996],[866],[454],[76],[975],[516],[607],[732],[181],[848],[347],[180],[755],[77],[603],[622],[507],[565],[768],[570],[914],[210],[901],[596],[744],[400],[168],[222],[843],[140],[155],[100],[292],[382],[236],[477],[861],[240],[808],[133],[569],[714],[355],[61],[442],[102],[589],[907],[915],[490],[783],[411],[403],[837],[399],[395],[523],[849],[83],[973],[159],[559],[447],[122],[297],[994],[871],[165],[823],[810],[7],[215],[782],[999],[596],[935],[75],[387],[289]
121,[213],[374],[287],[875],[974],[428],[283],[785],[81],[88],[228],[523],[39],[171],[185],[852],[683],[803],[417],[644],[136],[196],[95],[96],[540],[580],[257],[768],[238],[647],[83],[567],[575],[308],[150],[626],[314],[243],[162],[247],[33],[928],[421],[504],[526],[687],[238],[602],[439],[246],[976],[2],[281],[473],[480],[900],[370],[899],[691],[664],[596],[490],[659],[298],[197],[460],[777],[160],[299],[156],[585],[815],[614],[69],[455],[503],[708],[760],[220],[427],[912],[929],[571],[614],[691],[491],[601],[358],[31],[443],[34],[399],[369],[677],[808],[647],[10],[285],[214],[134]
122,[575],[211],[445],[752],[440],[811],[538],[679],[478],[708],[45],[423],[869],[282],[724],[0],[102],[915],[525],[215],[368],[410],[528],[57],[406],[234],[389],[274],[992],[495],[460],[666],[313],[136],[743],[275],[168],[808],[24],[612],[268],[101],[675],[755],[275],[57],[856],[526],[412],[44],[541],[874],[636],[696],[725],[473],[560],[371],[969],[528],[394],[516],[205],[383],[707],[632],[317],[955],[811],[704],[947],[140],[865],[320],[61],[336],[193],[859],[989],[478],[933],[391],[570],[352],[625],[502],[976],[273],[463],[887],[558],[544],[769],[140],[792],[362],[105],[671],[789],[334]
123,[172],[756],[551],[380],[313],[255],[780],[913],[885],[39],[108],[457],[146],[750],[222],[753],[493],[140],[360],[597],[648],[740],[185],[787],[80],[908],[70],[75],[283],[506],[509],[366],[524],[773],[75],[864],[51],[309],[447],[275],[408],[309],[25],[482],[463],[859],[82],[194],[132],[152],[911],[990],[58],[867],[163],[120],[588],[6],[102],[352],[458],[859],[201],[674],[534],[515],[322],[17],[846],[721],[258],[405],[560],[420],[613],[619],[357],[43],[693],[712],[601],[561],[680],[563],[230],[318],[920],[823],[772],[386],[166],[480],[24],[768],[980],[205],[43],[189],[986],[970]
124,[146],[827],[913],[643],[835],[233],[581],[695],[349],[800],[979],[635],[925],[271],[48],[632],[610],[242],[646],[401],[65],[653],[418],[133],[239],[515],[995],[686],[623],[640],[138],[549],[102],[501],[893],[381],[384],[983],[343],[624],[149],[233],[366],[568],[137],[490],[827],[585],[313],[19],[932],[248],[729],[401],[492],[475],[775],[505],[769],[542],[59],[868],[330],[872],[789],[779],[217],[916],[969],[857],[77],[496],[283],[702],[805],[758],[702],[909],[49],[751],[115],[305],[170],[953],[608],[373],[138],[964],[930],[946],[270],[95],[996],[894],[661],[85],[950],[111],[292],[523]
125,[910],[795],[196],[451],[408],[881],[405],[791],[131],[702],[161],[83],[328],[911],[814],[249],[322],[633],[481],[877],[227],[467],[130],[92],[537],[320],[50],[830],[796],[845],[454],[834],[785],[587],[654],[3],[534],[77],[541],[965],[506],[674],[87],[98],[534],[652],[704],[242],[585],[356],[54],[708],[153],[434],[534],[305],[258],[954],[639],[217],[360],[789],[514],[773],[359],[926],[882],[316],[854],[616],[105],[510],[386],[386],[355],[194],[653],[873],[578],[690],[822],[526],[210],[646],[712],[420],[225],[435],[924],[285],[321],[520],[335],[709],[609],[639],[415],[966],[955],[521]
126,[593],[9],[651],[888],[384],[375],[649],[298],[894],[859],[935],[760],[541],[742],[241],[119],[384],[405],[575],[96],[129],[165],[194],[0],[9],[355],[715],[616],[323],[440],[916],[173],[424],[741],[264],[21],[424],[489],[315],[51],[680],[232],[564],[698],[977],[806],[404],[136],[918],[660],[10],[245],[806],[863],[598],[698],[896],[58],[661],[575],[307],[574],[213],[105],[624],[657],[590],[454],[551],[7],[933],[987],[601],[396],[648],[475],[187],[430],[289],[458],[676],[658],[189],[818],[669],[857],[259],[616],[978],[153],[862],[556],[159],[216],[489],[96],[202],[190],[536],[527]
127,[915],[101],[789],[782],[899],[957],[788],[375],[920],[868],[502],[354],[910],[939],[823],[310],[710],[192],[690],[551],[597],[221],[677],[153],[563],[272],[920],[561],[925],[471],[710],[41],[605],[800],[630],[220],[617],[798],[776],[342],[321],[896],[337],[845],[769],[72],[49],[399],[416],[861],[624],[327],[212],[572],[969],[605],[78],[89],[735],[755],[820],[887],[876],[550],[284],[807],[634],[10],[712],[626],[393],[570],[553],[252],[287],[986],[903],[484],[271],[491],[459],[730],[239],[778],[506],[964],[905],[69],[76],[686],[693],[1],[732],[774],[229],[245],[413],[818],[673],[937]
128,[541],[149],[609],[246],[854],[209],[118],[686],[376],[453],[271],[831],[268],[215],[562],[153],[676],[139],[460],[719],[731],[122],[76],[899],[225],[718],[724],[792],[415],[990],[552],[788],[708],[215],[86],[882],[330],[35],[92],[138],[732],[881],[473],[602],[200],[162],[924],[508],[438],[804],[642],[703],[754],[989],[669],[347],[199],[254],[992],[854],[986],[411],[200],[776],[852],[458],[974],[659],[216],[983],[844],[203],[395],[66],[502],[304],[157],[252],[882],[10],[557],[303],[796],[866],[430],[362],[90],[223],[224],[567],[190],[846],[37],[808],[743],[535],[196],[849],[762],[583]
129,[159],[765],[506],[159],[929],[829],[575],[82],[133],[719],[96],[379],[514],[380],[209],[247],[167],[592],[574],[548],[778],[263],[914],[701],[465],[449],[514],[176],[121],[911],[178],[11],[143],[314],[608],[319],[502],[358],[980],[123],[218],[56],[968],[982],[51],[236],[587],[169],[566],[384],[636],[408],[36],[862],[378],[845],[364],[395],[928],[183],[140],[566],[363],[350],[617],[910],[977],[888],[771],[205],[107],[539],[383],[303],[544],[138],[203],[306],[335],[285],[386],[454],[202],[135],[267],[663],[783],[838],[27],[979],[915],[490],[667],[520],[427],[86],[264],[131],[656],[159]
130,[613],[920],[847],[184],[298],[894],[481],[803],[825],[728],[79],[564],[296],[569],[572],[433],[179],[722],[553],[212],[613],[511],[147],[414],[148],[77],[799],[121],[209],[299],[2],[262],[568],[266],[609],[737],[535],[825],[640],[670],[613],[716],[18],[846],[812],[684],[727],[198],[824],[60],[803],[879],[46],[378],[235],[232],[310],[726],[203],[513],[660],[215],[760],[967],[247],[230],[186],[342],[95],[397],[550],[463],[334],[175],[202],[493],[372],[780],[322],[28],[369],[647],[591],[242],[826],[851],[556],[302],[17],[500],[288],[945],[313],[450],[882],[604],[320],[700],[312],[71]
131,[261],[913],[777],[442],[131],[742],[613],[47],[402],[175],[143],[895],[7],[138],[627],[264],[961],[87],[888],[858],[391],[654],[200],[206],[934],[412],[665],[343],[126],[205],[744],[129],[800],[494],[841],[619],[219],[334],[425],[330],[299],[429],[541],[542],[228],[614],[490],[842],[364],[4],[0],[351],[631],[852],[911],[507],[717],[837],[252],[834],[858],[553],[182],[815],[734],[788],[926],[823],[279],[952],[477],[374],[963],[638],[946],[886],[587],[850],[83],[211],[550],[145],[780],[843],[509],[769],[292],[805],[955],[969],[653],[852],[14],[778],[583],[677],[942],[561],[569],[147]
132,[329],[290],[626],[553],[902],[353],[530],[770],[737],[818],[461],[586],[776],[390],[647],[487],[813],[781],[742],[86],[6],[378],[779],[326],[944],[96],[256],[586],[478],[795],[481],[531],[856],[827],[622],[639],[773],[982],[712],[716],[985],[719],[511],[511],[102],[41],[484],[177],[344],[755],[134],[224],[733],[23],[30],[548],[601],[409],[354],[136],[11],[822],[617],[832],[641],[451],[345],[122],[437],[973],[543],[499],[315],[580],[22],[961],[907],[202],[817],[664],[874],[329],[218],[176],[837],[820],[417],[906],[338],[906],[249],[115],[812],[913],[648],[372],[378],[550],[478],[130]
133,[228],[370],[781],[94],[832],[186],[435],[472],[587],[532],[270],[472],[373],[141],[533],[221],[87],[772],[240],[380],[775],[70],[806],[289],[315],[693],[695],[22],[873],[314],[261],[882],[905],[427],[677],[100],[486],[42],[621],[775],[996],[972],[312],[257],[822],[739],[275],[890],[991],[735],[599],[739],[17],[678],[586],[290],[117],[905],[569],[707],[321],[460],[709],[858],[768],[411],[744],[26],[259],[426],[368],[518],[990],[711],[857],[795],[283],[206],[176],[839],[686],[108],[880],[495],[610],[252],[641],[53],[898],[60],[824],[3],[428],[521],[725],[517],[351],[209],[249],[747]
134,[442],[838],[473],[500],[91],[101],[766],[219],[939],[780],[689],[664],[44],[993],[44],[318],[794],[827],[563],[115],[462],[291],[859],[428],[669],[334],[531],[711],[23],[157],[335],[269],[544],[440],[472],[647],[953],[119],[339],[827],[414],[757],[481],[313],[126],[590],[873],[774],[207],[517],[413],[193],[758],[953],[915],[809],[100],[779],[151],[889],[637],[155],[101],[65],[748],[945],[684],[482],[426],[111],[532],[743],[904],[594],[235],[341],[205],[5],[336],[470],[652],[182],[487],[677],[212],[265],[59],[345],[994],[353],[993],[294],[603],[459],[600],[124],[107],[939],[738],[272]
135,[719],[594],[253],[983],[363],[559],[918],[183],[506],[87],[841],[244],[437],[641],[887],[714],[31],[549],[307],[307],[78],[36],[417],[820],[353],[255],[821],[624],[716],[326],[676],[992],[269],[177],[50],[859],[353],[362],[671],[371],[39],[80],[76],[481],[669],[565],[743],[931],[451],[772],[292],[212],[874],[686],[52],[858],[978],[662],[180],[701],[155],[695],[311],[243],[81],[535],[966],[514],[995],[788],[994],[207],[454],[646],[829],[780],[238],[944],[261],[222],[865],[923],[669],[111],[3],[979],[141],[73],[85],[714],[527],[524],[725],[502],[35],[617],[708],[956],[257],[533]
136,[96],[203],[118],[546],[419],[484],[1],[404],[860],[420],[1],[958],[941],[614],[37],[876],[716],[308],[679],[17],[278],[334],[862],[892],[61],[974],[255],[770],[58],[271],[279],[255],[635],[496],[759],[570],[738],[250],[372],[626],[32],[984],[375],[165],[805],[16],[10],[840],[780],[3],[835],[656],[33],[916],[126],[810],[48],[150],[739],[169],[402],[218],[261],[230],[74],[386],[951],[621],[324],[853],[820],[459],[75],[659],[974],[601],[420],[973],[718],[267],[555],[155],[62],[350],[838],[688],[980],[658],[575],[422],[595],[340],[63],[546],[135],[875],[634],[332],[123],[346]
137,[309],[444],[686],[213],[56],[262],[459],[290],[400],[919],[833],[781],[41],[208],[240],[164],[656],[64],[66],[155],[123],[749],[577],[643],[573],[31],[562],[401],[1],[814],[948],[863],[857],[431],[243],[101],[29],[794],[946],[485],[417],[958],[826],[835],[969],[804],[536],[67],[544],[631],[894],[890],[235],[368],[673],[119],[488],[257],[761],[543],[814],[298],[331],[571],[581],[912],[534],[279],[425],[583],[638],[382],[609],[563],[694],[796],[698],[179],[528],[371],[30],[964],[305],[826],[527],[805],[765],[621],[671],[334],[29],[81],[626],[803],[406],[104],[381],[645],[421],[340]
138,[180],[634],[866],[90],[266],[79],[299],[727],[730],[844],[25],[981],[937],[861],[278],[946],[808],[172],[275],[128],[250],[657],[384],[829],[354],[133],[705],[161],[848],[370],[151],[170],[223],[855],[470],[795],[805],[705],[614],[36],[170],[43],[744],[605],[821],[543],[539],[648],[639],[47],[554],[515],[810],[688],[203],[371],[457],[143],[294],[839],[523],[830],[641],[852],[412],[962],[731],[884],[559],[310],[236],[556],[98],[882],[77],[264],[100],[453],[642],[263],[794],[35],[137],[675],[348],[245],[315],[818],[718],[37],[866],[50],[239],[658],[397],[991],[216],[45],[114],[669]
139,[70],[13],[86],[292],[373],[812],[366],[930],[421],[451],[538],[224],[659],[468],[466],[546],[328],[410],[67],[30],[399],[875],[784],[806],[479],[544],[919],[292],[511],[613],[704],[238],[205],[676],[543],[455],[85],[135],[989],[590],[103],[948],[912],[18],[22],[685],[492],[990],[696],[431],[766],[180],[87],[151],[377],[877],[828],[138],[67],[683],[715],[340],[41],[675],[422],[618],[447],[842],[589],[759],[149],[161],[821],[416],[737],[89],[213],[45],[6],[541],[742],[331],[481],[403],[673],[348],[461],[394],[356],[684],[97],[437],[108],[728],[981],[283],[129],[729],[172],[18]
140,[933],[565],[444],[452],[627],[214],[884],[391],[520],[577],[373],[928],[204],[114],[219],[761],[702],[368],[743],[605],[133],[429],[976],[970],[334],[268],[580],[847],[307],[161],[648],[438],[602],[138],[590],[479],[158],[747],[750],[445],[314],[448],[57],[484],[654],[53],[582],[734],[976],[307],[739],[118],[736],[119],[831],[129],[452],[699],[62],[322],[322],[788],[107],[599],[42],[591],[293],[282],[378],[18],[217],[798],[800],[761],[433],[783],[76],[108],[214],[448],[175],[227],[691],[926],[791],[148],[862],[905],[40],[571],[377],[240],[502],[399],[360],[270],[364],[488],[721],[513]
141,[9],[941],[949],[560],[719],[70],[580],[454],[429],[77],[813],[569],[179],[437],[591],[775],[272],[169],[17],[661],[802],[706],[436],[696],[413],[386],[340],[937],[235],[13],[349],[766],[334],[971],[10],[91],[703],[56],[304],[272],[370],[525],[860],[49],[757],[474],[205],[228],[290],[923],[786],[717],[484],[708],[424],[795],[3],[491],[920],[406],[197],[299],[190],[720],[413],[954],[350],[864],[294],[351],[673],[475],[575],[292],[456],[270],[12],[134],[927],[589],[222],[824],[533],[623],[216],[536],[789],[761],[640],[373],[493],[179],[545],[665],[290],[606],[991],[24],[860],[773]
142,[251],[931],[495],[21],[878],[273],[882],[431],[910],[166],[448],[274],[349],[551],[927],[507],[337],[941],[232],[564],[850],[735],[149],[570],[401],[870],[914],[867],[909],[229],[393],[614],[590],[516],[950],[716],[53],[556],[888],[877],[751],[10],[830],[989],[31],[34],[989],[203],[406],[364],[389],[767],[795],[606],[917],[920],[177],[284],[466],[267],[61],[350],[851],[750],[293],[949],[106],[151],[492],[617],[369],[731],[748],[884],[973],[677],[530],[159],[766],[233],[790],[919],[230],[508],[870],[730],[192],[374],[197],[305],[637],[566],[906],[845],[678],[218],[181],[914],[546],[129]
143,[124],[61],[109],[23],[707],[994],[379],[705],[626],[690],[826],[172],[867],[448],[90],[859],[471],[572],[188],[254],[506],[294],[253],[246],[860],[651],[578],[939],[755],[948],[259],[573],[230],[757],[448],[437],[558],[708],[53],[909],[648],[9],[22],[522],[334],[466],[869],[783],[819],[647],[17],[229],[871],[301],[485],[891],[386],[190],[335],[687],[797],[436],[677],[797],[751],[480],[388],[584],[435],[810],[4],[342],[925],[480],[142],[303],[924],[983],[795],[530],[512],[544],[650],[307],[618],[935],[528],[691],[121],[448],[724],[279],[178],[44],[900],[282],[552],[576],[363],[973]
144,[101],[576],[848],[454],[492],[187],[492],[315],[181],[944],[626],[534],[982],[992],[819],[770],[783],[810],[59],[708],[31],[918],[740],[524],[247],[603],[553],[425],[850],[732],[595],[609],[279],[562],[478],[498],[767],[710],[718],[921],[116],[809],[438],[562],[710],[222],[825],[135],[907],[300],[840],[427],[709],[102],[48],[107],[740],[629],[160],[938],[324],[163],[329],[37],[754],[970],[323],[127],[407],[324],[52],[943],[534],[263],[583],[578],[331],[985],[828],[907],[275],[202],[501],[192],[30],[8],[399],[913],[62],[45],[534],[799],[393],[294],[269],[419],[651],[878],[185],[459]
145,[733],[134],[433],[281],[326],[87],[830],[682],[290],[315],[915],[729],[551],[655],[225],[797],[896],[754],[625],[939],[710],[241],[618],[112],[682],[313],[648],[431],[400],[798],[554],[843],[655],[998],[421],[671],[520],[698],[935],[755],[695],[5],[550],[107],[519],[420],[294],[296],[41],[835],[623],[936],[597],[525],[189],[296],[89],[214],[731],[45],[773],[498],[741],[533],[945],[126],[571],[259],[83],[563],[17],[170],[700],[490],[31],[660],[954],[243],[0],[633],[653],[750],[303],[578],[319],[549],[935],[617],[698],[216],[61],[706],[272],[348],[187],[945],[58],[812],[14],[356]
146,[992],[948],[350],[17],[206],[444],[55],[594],[177],[501],[146],[307],[184],[285],[852],[133],[178],[278],[320],[882],[906],[792],[308],[459],[858],[503],[408],[766],[862],[722],[982],[380],[576],[828],[642],[140],[451],[156],[353],[780],[244],[321],[121],[740],[222],[552],[657],[530],[55],[555],[717],[309],[359],[323],[330],[73],[71],[453],[938],[714],[861],[656],[211],[825],[381],[944],[825],[201],[100],[64],[75],[732],[723],[160],[116],[310],[166],[982],[521],[669],[27],[440],[222],[759],[42],[369],[797],[717],[589],[632],[284],[287],[66],[982],[895],[884],[980],[200],[943],[183]
147,[953],[138],[610],[98],[22],[578],[225],[809],[232],[121],[343],[416],[849],[767],[438],[850],[129],[617],[19],[677],[38],[43],[65],[652],[671],[741],[180],[900],[296],[635],[528],[336],[912],[682],[651],[11],[768],[894],[90],[750],[451],[618],[729],[493],[103],[220],[884],[538],[636],[157],[922],[693],[376],[726],[452],[337],[859],[656],[486],[863],[477],[245],[632],[702],[699],[616],[438],[496],[41],[367],[402],[127],[441],[111],[467],[785],[130],[141],[855],[746],[991],[510],[321],[902],[601],[786],[979],[442],[263],[225],[302],[167],[819],[899],[902],[931],[775],[518],[761],[388]
148,[245],[298],[953],[323],[706],[942],[818],[38],[892],[31],[991],[933],[994],[606],[245],[707],[240],[107],[809],[375],[547],[731],[705],[866],[900],[636],[229],[667],[386],[886],[155],[115],[32],[981],[533],[878],[604],[89],[247],[519],[156],[782],[520],[312],[356],[246],[660],[175],[442],[273],[758],[60],[990],[539],[587],[165],[229],[262],[306],[471],[390],[344],[626],[962],[952],[625],[325],[124],[404],[863],[21],[530],[758],[473],[97],[786],[498],[175],[91],[67],[67],[688],[764],[142],[108],[185],[974],[48],[730],[476],[559],[254],[572],[947],[787],[12],[22],[459],[179],[111]
149,[907],[488],[580],[583],[387],[497],[867],[459],[151],[79],[747],[230],[362],[80],[596],[274],[257],[571],[124],[573],[670],[171],[599],[722],[482],[86],[372],[385],[15],[702],[732],[177],[586],[202],[36],[80],[761],[611],[253],[377],[363],[659],[547],[802],[525],[289],[668],[433],[269],[498],[229],[58],[760],[885],[929],[935],[160],[157],[988],[556],[685],[771],[898],[885],[438],[980],[812],[166],[453],[511],[55],[699],[242],[610],[322],[167],[685],[566],[216],[340],[612],[362],[919],[714],[559],[461],[706],[536],[818],[29],[335],[398],[992],[146],[55],[779],[463],[894],[323],[301]
150,[249],[908],[47],[162],[608],[269],[463],[921],[6],[221],[570],[722],[18],[585],[396],[898],[788],[280],[95],[591],[645],[796],[394],[221],[542],[318],[639],[529],[368],[571],[674],[333],[106],[195],[967],[757],[421],[590],[364],[623],[402],[496],[257],[394],[551],[975],[27],[678],[372],[730],[232],[571],[374],[944],[549],[206],[964],[204],[582],[486],[831],[738],[682],[204],[529],[125],[675],[780],[110],[429],[668],[219],[902],[601],[216],[533],[478],[905],[2],[813],[376],[364],[455],[355],[926],[98],[131],[645],[177],[274],[403],[827],[342],[980],[221],[384],[919],[254],[157],[194]
151,[289],[18],[29],[118],[995],[848],[682],[878],[574],[704],[591],[566],[685],[274],[862],[985],[375],[19],[894],[682],[959],[361],[84],[139],[163],[278],[527],[94],[479],[399],[356],[429],[325],[57],[405],[742],[393],[72],[880],[914],[954],[409],[616],[171],[68],[358],[147],[102],[377],[585],[329],[84],[508],[666],[479],[413],[342],[120],[531],[167],[26],[866],[917],[512],[687],[909],[431],[917],[670],[193],[318],[494],[285],[167],[239],[132],[23],[56],[396],[304],[219],[98],[73],[740],[418],[0],[728],[984],[461],[861],[49],[176],[169],[356],[632],[79],[220],[113],[49],[492]
152,[988],[417],[440],[419],[270],[458],[198],[724],[627],[265],[198],[991],[97],[182],[469],[616],[53],[408],[789],[696],[385],[380],[242],[876],[941],[153],[204],[861],[954],[743],[497],[24],[885],[623],[749],[929],[245],[677],[402],[468],[380],[194],[974],[249],[401],[271],[184],[315],[217],[485],[76],[9],[67],[360],[556],[246],[306],[96],[4],[15],[33],[79],[503],[904],[637],[513],[813],[708],[65],[640],[22],[308],[48],[92],[598],[237],[955],[62],[940],[702],[131],[813],[20],[750],[708],[704],[365],[290],[703],[91],[860],[769],[989],[847],[825],[190],[391],[162],[910],[251]
153,[51],[94],[213],[221],[391],[841],[185],[268],[769],[734],[965],[117],[348],[776],[715],[767],[357],[237],[991],[439],[944],[120],[719],[661],[135],[641],[889],[823],[764],[112],[401],[677],[90],[678],[213],[601],[810],[48],[775],[907],[340],[816],[816],[471],[268],[568],[867],[170],[130],[315],[946],[316],[526],[381],[76],[65],[217],[864],[682],[841],[305],[878],[47],[651],[397],[629],[578],[690],[301],[834],[500],[744],[472],[696],[33],[248],[534],[334],[519],[537],[437],[581],[98],[114],[992],[382],[629],[60],[926],[548],[719],[386],[628],[829],[804],[755],[437],[386],[400],[339]
154,[897],[157],[894],[207],[855],[496],[428],[851],[556],[277],[605],[366],[65],[378],[352],[664],[533],[479],[853],[963],[977],[927],[873],[61],[311],[370],[900],[377],[795],[340],[165],[156],[955],[955],[835],[287],[532],[111],[345],[252],[74],[323],[627],[988],[616],[933],[26],[550],[904],[833],[450],[149],[481],[3],[935],[529],[447],[801],[551],[553],[22],[139],[457],[7],[799],[658],[533],[711],[84],[602],[800],[697],[382],[338],[536],[275],[306],[638],[292],[694],[99],[237],[247],[57],[903],[421],[24],[462],[864],[910],[123],[343],[595],[19],[185],[314],[375],[408],[117],[595]
155,[121],[540],[631],[15],[396],[540],[448],[184],[267],[587],[936],[133],[898],[407],[608],[798],[899],[256],[608],[593],[888],[48],[547],[351],[913],[986],[955],[513],[592],[788],[399],[322],[594],[478],[905],[156],[585],[559],[95],[490],[967],[712],[609],[295],[449],[867],[641],[43],[403],[266],[466],[859],[50],[94],[868],[193],[349],[806],[732],[933],[746],[382],[558],[206],[886],[714],[649],[529],[181],[256],[294],[726],[180],[117],[71],[849],[762],[555],[305],[262],[392],[69],[395],[136],[420],[329],[253],[169],[702],[514],[857],[326],[948],[402],[591],[990],[292],[266],[217],[434]
156,[103],[979],[757],[475],[546],[202],[874],[68],[463],[725],[233],[498],[804],[683],[62],[90],[12],[356],[123],[262],[522],[371],[68],[513],[333],[592],[177],[834],[527],[945],[280],[929],[439],[483],[141],[743],[718],[684],[113],[838],[374],[837],[263],[310],[848],[160],[494],[864],[62],[598],[29],[317],[932],[563],[157],[253],[45],[419],[17],[114],[995],[922],[581],[762],[721],[906],[999],[332],[966],[40],[803],[199],[898],[514],[820],[349],[234],[682],[926],[363],[143],[242],[333],[329],[644],[158],[411],[106],[433],[99],[904],[655],[724],[514],[909],[828],[182],[568],[393],[579]
157,[624],[103],[80],[183],[291],[344],[114],[380],[714],[770],[933],[436],[21],[726],[680],[809],[924],[229],[143],[534],[27],[757],[727],[418],[360],[403],[542],[836],[645],[379],[204],[728],[434],[341],[43],[367],[8],[686],[643],[331],[530],[916],[991],[892],[853],[923],[681],[543],[175],[819],[528],[473],[710],[456],[210],[273],[885],[469],[255],[639],[815],[587],[246],[58],[220],[188],[658],[994],[424],[903],[317],[816],[24],[472],[125],[520],[109],[971],[548],[33],[162],[115],[862],[846],[369],[590],[29],[579],[159],[302],[652],[722],[448],[733],[232],[716],[32],[240],[899],[253]
158,[79],[918],[107],[69],[157],[775],[136],[238],[866],[415],[982],[93],[203],[142],[259],[977],[301],[118],[958],[950],[315],[963],[641],[337],[498],[90],[279],[875],[547],[308],[270],[149],[577],[927],[558],[36],[553],[279],[219],[638],[216],[909],[488],[638],[543],[570],[765],[259],[21],[525],[544],[418],[704],[112],[744],[164],[798],[293],[190],[910],[285],[934],[799],[154],[486],[30],[802],[847],[128],[529],[977],[809],[975],[999],[442],[316],[475],[337],[575],[672],[909],[917],[744],[137],[321],[320],[958],[957],[728],[806],[710],[22],[582],[281],[554],[676],[588],[410],[846],[69]
159,[829],[552],[968],[914],[0],[717],[128],[550],[848],[313],[618],[319],[324],[405],[436],[380],[754],[48],[197],[444],[218],[553],[370],[37],[939],[46],[7],[109],[701],[62],[587],[350],[884],[124],[884],[387],[894],[161],[280],[466],[820],[86],[249],[812],[983],[733],[584],[471],[192],[643],[823],[459],[297],[111],[873],[701],[454],[918],[958],[399],[743],[398],[878],[56],[766],[92],[255],[900],[234],[103],[121],[912],[797],[327],[261],[130],[15],[258],[879],[526],[964],[471],[963],[107],[278],[451],[566],[34],[455],[850],[802],[501],[975],[340],[749],[54],[447],[316],[439],[668]
160,[308],[14],[460],[703],[140],[59],[686],[279],[613],[290],[872],[665],[983],[933],[335],[445],[244],[929],[325],[876],[307],[773],[256],[803],[476],[222],[416],[652],[491],[259],[318],[188],[222],[604],[173],[727],[275],[774],[305],[15],[869],[16],[652],[241],[13],[306],[62],[59],[707],[636],[263],[630],[789],[646],[588],[424],[207],[641],[549],[88],[960],[471],[620],[141],[764],[437],[691],[220],[562],[615],[700],[595],[420],[369],[504],[2],[799],[84],[916],[11],[456],[353],[488],[812],[2],[889],[433],[951],[652],[941],[570],[605],[554],[790],[62],[589],[726],[797],[716],[548]
161,[17],[683],[815],[241],[548],[365],[294],[69],[726],[298],[701],[704],[573],[106],[29],[420],[970],[940],[186],[529],[773],[339],[557],[183],[472],[504],[966],[653],[48],[225],[651],[10],[603],[135],[624],[344],[886],[599],[62],[652],[926],[822],[618],[266],[457],[952],[639],[669],[179],[764],[680],[38],[763],[486],[489],[359],[736],[206],[573],[53],[869],[450],[255],[282],[800],[530],[637],[253],[729],[213],[67],[371],[64],[501],[440],[466],[499],[95],[101],[450],[697],[390],[918],[494],[551],[143],[526],[447],[576],[110],[267],[38],[858],[239],[313],[62],[804],[977],[382],[831]
162,[522],[862],[704],[368],[362],[148],[700],[409],[681],[560],[27],[985],[168],[98],[252],[541],[489],[124],[293],[344],[238],[231],[765],[232],[450],[395],[925],[539],[651],[691],[838],[604],[843],[925],[103],[801],[113],[211],[867],[95],[703],[302],[810],[382],[481],[553],[708],[932],[563],[93],[163],[94],[514],[948],[642],[938],[234],[527],[780],[740],[69],[469],[103],[813],[306],[199],[712],[778],[611],[137],[398],[947],[538],[434],[987],[653],[943],[185],[646],[449],[528],[790],[493],[93],[466],[609],[390],[883],[184],[676],[342],[766],[464],[948],[65],[395],[833],[504],[356],[285]
163,[11],[153],[368],[673],[789],[528],[638],[532],[751],[801],[955],[484],[880],[696],[662],[804],[697],[284],[192],[156],[156],[854],[110],[779],[459],[72],[696],[76],[841],[676],[11],[536],[621],[224],[696],[29],[244],[273],[434],[261],[467],[437],[274],[321],[272],[978],[733],[916],[187],[798],[93],[805],[558],[519],[563],[622],[916],[174],[730],[238],[240],[455],[788],[337],[677],[149],[615],[459],[972],[712],[535],[537],[201],[516],[944],[939],[368],[695],[258],[583],[712],[728],[338],[499],[847],[21],[693],[530],[498],[873],[519],[312],[559],[737],[620],[120],[854],[670],[170],[441]
164,[71],[415],[222],[174],[651],[3],[76],[508],[719],[852],[477],[521],[557],[642],[677],[434],[207],[685],[842],[931],[153],[572],[833],[772],[699],[934],[616],[130],[640],[735],[31],[933],[792],[783],[263],[667],[745],[73],[156],[765],[233],[986],[522],[639],[958],[510],[566],[126],[844],[799],[709],[49],[361],[611],[885],[572],[711],[765],[418],[914],[904],[636],[279],[970],[538],[839],[260],[872],[17],[304],[584],[14],[664],[757],[83],[180],[70],[119],[897],[556],[916],[228],[532],[628],[630],[284],[852],[784],[915],[691],[129],[330],[395],[530],[595],[860],[841],[356],[979],[745]
165,[107],[476],[511],[190],[107],[45],[733],[959],[479],[681],[770],[60],[670],[207],[325],[84],[209],[133],[438],[279],[208],[11],[144],[877],[499],[179],[364],[531],[382],[91],[108],[650],[329],[375],[488],[925],[90],[468],[387],[896],[833],[541],[83],[438],[747],[373],[809],[598],[68],[175],[580],[948],[949],[300],[216],[181],[532],[613],[226],[760],[141],[748],[904],[514],[355],[25],[305],[470],[749],[720],[209],[381],[415],[210],[488],[301],[327],[187],[777],[270],[496],[0],[949],[219],[10],[153],[817],[787],[523],[339],[407],[511],[516],[407],[641],[559],[802],[120],[6],[284]
166,[273],[507],[928],[539],[68],[632],[310],[286],[963],[536],[11],[163],[16],[636],[4],[831],[595],[13],[202],[552],[753],[841],[153],[191],[121],[322],[620],[860],[258],[96],[51],[833],[402],[72],[287],[114],[749],[792],[927],[891],[881],[718],[386],[686],[315],[603],[984],[559],[649],[88],[664],[901],[516],[694],[201],[557],[289],[822],[924],[672],[184],[60],[548],[983],[980],[254],[925],[198],[927],[862],[30],[854],[403],[969],[464],[825],[672],[215],[775],[697],[181],[937],[698],[597],[923],[788],[934],[574],[373],[137],[996],[450],[976],[253],[875],[725],[108],[964],[395],[276]
167,[774],[205],[89],[492],[29],[398],[410],[160],[716],[374],[688],[71],[339],[712],[933],[328],[310],[525],[246],[718],[452],[309],[260],[736],[329],[53],[407],[181],[546],[752],[423],[528],[613],[441],[0],[629],[31],[476],[977],[579],[903],[269],[114],[69],[545],[659],[654],[286],[668],[277],[6],[653],[726],[308],[823],[831],[823],[75],[644],[373],[695],[164],[204],[258],[606],[276],[832],[326],[23],[118],[281],[348],[150],[723],[524],[876],[110],[146],[326],[188],[969],[814],[401],[806],[922],[946],[344],[958],[653],[25],[322],[272],[597],[604],[490],[613],[367],[859],[301],[249]
168,[722],[38],[240],[378],[72],[173],[622],[733],[973],[878],[281],[582],[400],[216],[445],[143],[545],[814],[415],[395],[285],[848],[541],[506],[484],[136],[504],[548],[615],[453],[917],[277],[401],[12],[281],[256],[936],[314],[15],[295],[258],[509],[731],[233],[751],[705],[650],[804],[739],[831],[767],[287],[244],[935],[936],[828],[675],[755],[153],[520],[403],[488],[984],[923],[159],[80],[291],[641],[1],[506],[672],[617],[221],[85],[289],[623],[724],[908],[128],[560],[163],[665],[581],[877],[975],[137],[999],[972],[681],[238],[449],[621],[591],[954],[950],[0],[24],[450],[51],[942]
169,[92],[976],[601],[233],[459],[306],[232],[263],[476],[91],[712],[671],[800],[841],[985],[169],[915],[429],[183],[895],[185],[868],[403],[683],[28],[253],[712],[688],[808],[212],[632],[27],[1],[767],[948],[228],[651],[176],[890],[698],[526],[683],[990],[726],[919],[547],[934],[714],[517],[542],[401],[344],[253],[313],[806],[278],[202],[880],[854],[737],[258],[756],[187],[309],[585],[239],[181],[814],[983],[823],[884],[41],[878],[653],[769],[190],[38],[903],[877],[138],[393],[485],[942],[979],[179],[585],[877],[329],[28],[772],[642],[246],[747],[560],[994],[540],[525],[79],[58],[64]
170,[565],[810],[770],[670],[294],[90],[521],[334],[235],[957],[351],[45],[810],[711],[717],[692],[765],[239],[373],[587],[821],[912],[764],[557],[141],[75],[24],[454],[138],[383],[796],[505],[298],[454],[231],[715],[885],[18],[187],[517],[913],[399],[407],[370],[774],[326],[722],[476],[961],[649],[960],[124],[867],[892],[336],[188],[281],[711],[850],[51],[528],[800],[387],[577],[82],[37],[53],[550],[96],[757],[942],[960],[445],[528],[861],[469],[339],[312],[417],[280],[753],[377],[489],[63],[720],[583],[371],[312],[800],[883],[357],[526],[292],[775],[905],[556],[73],[861],[188],[157]
171,[755],[660],[97],[987],[11],[440],[161],[675],[909],[521],[529],[996],[342],[326],[32],[154],[686],[822],[959],[497],[948],[751],[746],[319],[455],[910],[991],[394],[22],[824],[139],[964],[556],[567],[943],[511],[766],[382],[346],[956],[528],[636],[790],[489],[123],[703],[227],[395],[570],[932],[195],[479],[176],[16],[960],[670],[770],[384],[543],[264],[628],[610],[790],[689],[297],[274],[407],[307],[597],[684],[575],[812],[888],[55],[529],[176],[225],[23],[426],[894],[245],[101],[498],[992],[531],[332],[861],[785],[763],[458],[471],[640],[329],[99],[747],[967],[297],[489],[17],[491]
172,[490],[749],[199],[538],[848],[542],[172],[996],[904],[672],[913],[871],[615],[779],[632],[46],[966],[182],[168],[244],[890],[33],[959],[210],[389],[903],[433],[4],[94],[17],[627],[157],[861],[103],[917],[230],[160],[608],[745],[414],[501],[967],[814],[957],[80],[138],[699],[967],[469],[983],[902],[266],[585],[441],[4],[87],[550],[357],[942],[727],[320],[393],[15],[33],[266],[628],[169],[863],[922],[621],[589],[353],[523],[51],[918],[499],[942],[423],[297],[322],[235],[500],[534],[3],[851],[886],[386],[129],[831],[489],[538],[998],[100],[791],[865],[432],[730],[210],[947],[16]
173,[463],[389],[882],[598],[595],[211],[323],[18],[230],[998],[592],[353],[105],[849],[534],[665],[544],[893],[204],[203],[370],[360],[83],[902],[109],[901],[557],[808],[742],[138],[638],[844],[947],[841],[351],[425],[924],[523],[928],[671],[819],[530],[552],[940],[811],[434],[860],[725],[865],[992],[343],[784],[371],[704],[246],[481],[801],[209],[381],[173],[788],[596],[603],[39],[675],[176],[916],[373],[930],[885],[520],[837],[833],[448],[474],[885],[111],[176],[373],[984],[816],[275],[366],[800],[798],[447],[493],[275],[171],[860],[148],[181],[52],[379],[103],[175],[537],[363],[362],[940]
174,[535],[927],[993],[322],[771],[227],[574],[436],[695],[962],[220],[313],[852],[361],[896],[18],[427],[517],[514],[586],[870],[399],[329],[38],[911],[714],[21],[740],[245],[609],[787],[471],[893],[799],[901],[658],[673],[383],[843],[559],[190],[939],[879],[798],[297],[849],[75],[569],[900],[245],[336],[249],[89],[870],[538],[112],[410],[423],[901],[274],[471],[489],[704],[527],[318],[643],[346],[754],[331],[508],[546],[849],[977],[515],[499],[947],[315],[552],[252],[681],[220],[137],[968],[571],[993],[196],[132],[232],[649],[361],[743],[270],[865],[382],[603],[355],[747],[552],[451],[282]
175,[455],[308],[794],[642],[146],[788],[311],[353],[392],[763],[171],[38],[503],[862],[496],[242],[101],[577],[799],[949],[464],[777],[858],[978],[794],[82],[301],[629],[287],[728],[13],[572],[520],[957],[80],[159],[445],[913],[942],[483],[212],[836],[663],[472],[231],[364],[918],[186],[743],[551],[363],[18],[529],[154],[499],[230],[470],[810],[353],[13],[355],[203],[622],[935],[535],[397],[355],[380],[408],[9],[181],[983],[112],[290],[460],[127],[780],[398],[681],[329],[52],[298],[460],[602],[330],[165],[614],[921],[687],[470],[750],[147],[759],[891],[813],[923],[394],[176],[574],[277]
176,[327],[372],[300],[50],[425],[149],[376],[281],[677],[819],[740],[920],[891],[786],[373],[676],[343],[933],[541],[449],[861],[718],[638],[786],[260],[257],[608],[905],[213],[539],[756],[661],[750],[217],[632],[335],[962],[765],[599],[719],[423],[146],[294],[502],[83],[583],[16],[793],[206],[594],[550],[57],[469],[414],[180],[56],[557],[265],[507],[231],[154],[149],[242],[770],[570],[431],[584],[944],[798],[349],[184],[10],[379],[277],[136],[345],[582],[528],[818],[275],[569],[836],[882],[342],[489],[878],[405],[348],[458],[424],[858],[454],[548],[52],[769],[436],[429],[824],[662],[47]
177,[920],[119],[946],[739],[3],[76],[317],[886],[706],[32],[961],[872],[719],[812],[754],[391],[787],[67],[440],[937],[442],[836],[730],[344],[185],[305],[511],[825],[644],[385],[355],[938],[966],[393],[670],[732],[462],[906],[955],[766],[927],[921],[933],[757],[910],[914],[755],[993],[385],[818],[782],[354],[85],[350],[234],[613],[985],[299],[193],[987],[548],[776],[983],[596],[730],[180],[629],[932],[16],[32],[915],[55],[253],[731],[80],[613],[978],[155],[845],[195],[150],[117],[761],[253],[269],[361],[889],[719],[923],[218],[70],[627],[760],[839],[25],[333],[393],[658],[798],[419]
178,[122],[162],[267],[717],[781],[238],[279],[135],[24],[306],[19],[608],[895],[715],[130],[807],[163],[96],[482],[589],[41],[358],[841],[699],[683],[854],[641],[442],[360],[45],[442],[620],[707],[617],[674],[592],[193],[642],[362],[285],[232],[785],[954],[292],[880],[302],[795],[176],[835],[185],[318],[588],[549],[636],[573],[0],[176],[593],[684],[340],[729],[739],[547],[395],[887],[654],[550],[765],[895],[488],[571],[643],[690],[896],[406],[220],[843],[678],[625],[785],[789],[603],[779],[959],[716],[136],[548],[938],[166],[843],[757],[354],[481],[919],[567],[964],[199],[328],[213],[156]
179,[115],[522],[902],[427],[399],[234],[416],[254],[579],[547],[855],[710],[929],[227],[308],[867],[887],[100],[422],[271],[206],[694],[15],[154],[489],[266],[112],[527],[424],[121],[10],[702],[171],[248],[465],[305],[857],[586],[385],[574],[416],[217],[292],[152],[504],[907],[908],[610],[495],[168],[454],[722],[267],[482],[328],[737],[771],[978],[939],[651],[673],[515],[949],[121],[905],[735],[955],[258],[481],[633],[871],[764],[498],[279],[877],[931],[152],[911],[168],[101],[919],[398],[833],[604],[137],[385],[148],[246],[402],[0],[21],[55],[326],[102],[907],[150],[953],[851],[119],[682]
180,[599],[700],[321],[570],[245],[671],[396],[810],[473],[393],[439],[24],[336],[920],[420],[668],[960],[619],[778],[281],[230],[179],[857],[224],[449],[645],[381],[508],[55],[360],[731],[739],[828],[639],[551],[225],[600],[348],[968],[968],[429],[737],[324],[5],[627],[554],[829],[953],[496],[561],[702],[961],[914],[106],[503],[639],[287],[952],[702],[226],[553],[929],[827],[705],[517],[387],[442],[11],[218],[265],[382],[469],[665],[547],[173],[865],[438],[627],[886],[460],[426],[708],[998],[26],[774],[771],[295],[347],[564],[890],[924],[660],[773],[288],[967],[510],[547],[338],[922],[501]
181,[845],[584],[798],[254],[230],[751],[680],[638],[916],[386],[43],[72],[641],[760],[952],[723],[876],[9],[378],[166],[689],[131],[197],[715],[732],[416],[35],[263],[901],[199],[248],[410],[537],[408],[660],[470],[383],[14],[988],[345],[720],[492],[154],[753],[437],[971],[880],[224],[278],[793],[667],[940],[983],[218],[554],[703],[356],[513],[699],[546],[466],[44],[836],[300],[30],[353],[613],[400],[521],[236],[470],[864],[206],[958],[758],[911],[16],[574],[108],[692],[300],[767],[989],[144],[632],[259],[54],[96],[313],[107],[334],[762],[807],[439],[178],[916],[61],[723],[437],[782]
182,[614],[51],[95],[854],[89],[106],[33],[192],[957],[936],[941],[900],[282],[108],[183],[295],[526],[695],[772],[849],[635],[807],[744],[995],[317],[273],[956],[305],[455],[313],[22],[747],[623],[778],[667],[462],[464],[208],[770],[971],[960],[770],[453],[777],[754],[315],[125],[617],[261],[684],[993],[472],[98],[837],[55],[364],[727],[42],[132],[92],[834],[570],[92],[912],[697],[376],[286],[77],[506],[462],[109],[671],[996],[119],[799],[671],[254],[27],[70],[727],[771],[884],[165],[406],[106],[534],[741],[980],[207],[765],[211],[368],[49],[42],[752],[326],[560],[764],[531],[330]
183,[671],[108],[933],[927],[281],[363],[363],[528],[988],[225],[805],[555],[191],[256],[403],[574],[346],[714],[288],[908],[255],[253],[321],[99],[453],[78],[615],[976],[464],[525],[296],[499],[705],[115],[97],[714],[265],[625],[535],[133],[836],[926],[922],[604],[905],[776],[483],[902],[157],[301],[776],[343],[398],[179],[858],[396],[852],[720],[801],[309],[566],[117],[908],[315],[300],[147],[219],[856],[668],[785],[270],[415],[998],[716],[175],[85],[543],[359],[250],[27],[161],[491],[254],[688],[726],[439],[409],[29],[340],[156],[332],[155],[324],[346],[724],[981],[521],[19],[664],[110]
184,[67],[557],[75],[805],[496],[113],[308],[839],[92],[827],[331],[61],[208],[239],[299],[457],[509],[557],[418],[146],[974],[155],[712],[608],[226],[103],[868],[406],[533],[32],[876],[963],[983],[705],[787],[762],[186],[815],[591],[104],[82],[123],[348],[849],[450],[94],[821],[96],[933],[249],[418],[185],[240],[347],[781],[508],[612],[690],[751],[416],[494],[423],[197],[701],[377],[137],[71],[949],[261],[94],[416],[583],[661],[56],[56],[585],[112],[494],[763],[504],[485],[460],[353],[762],[689],[364],[221],[383],[55],[661],[329],[245],[689],[897],[507],[646],[306],[326],[354],[53]
185,[946],[428],[76],[682],[187],[341],[497],[140],[91],[815],[859],[191],[99],[366],[972],[429],[303],[990],[231],[807],[32],[449],[645],[796],[895],[399],[74],[365],[827],[867],[60],[339],[69],[313],[341],[553],[224],[87],[906],[6],[797],[640],[928],[307],[177],[49],[647],[754],[777],[554],[637],[482],[860],[385],[156],[876],[962],[271],[717],[194],[345],[187],[122],[522],[427],[529],[523],[878],[160],[414],[914],[549],[81],[849],[50],[40],[35],[559],[412],[760],[287],[407],[436],[651],[817],[660],[62],[664],[615],[354],[640],[361],[808],[672],[411],[656],[706],[631],[796],[348]
186,[867],[646],[688],[243],[23],[607],[600],[446],[387],[169],[28],[443],[802],[640],[99],[365],[867],[712],[963],[28],[568],[98],[668],[610],[979],[337],[810],[246],[141],[501],[242],[73],[361],[190],[274],[448],[778],[498],[259],[600],[480],[582],[35],[670],[113],[824],[530],[713],[400],[435],[732],[261],[346],[62],[694],[765],[521],[619],[997],[263],[336],[65],[327],[930],[630],[87],[144],[217],[179],[323],[587],[590],[933],[730],[293],[650],[540],[913],[618],[756],[303],[550],[518],[518],[411],[146],[210],[586],[937],[358],[731],[247],[851],[5],[750],[456],[496],[303],[956],[117]
187,[696],[689],[869],[295],[919],[22],[913],[576],[448],[779],[864],[4],[841],[527],[380],[984],[626],[761],[333],[741],[212],[535],[650],[195],[374],[352],[877],[179],[554],[209],[900],[587],[234],[105],[945],[798],[317],[423],[898],[496],[87],[516],[799],[693],[956],[400],[567],[900],[913],[69],[789],[582],[444],[392],[661],[152],[182],[346],[253],[805],[961],[639],[153],[184],[213],[286],[536],[534],[269],[761],[905],[736],[449],[146],[490],[53],[612],[793],[873],[568],[946],[153],[139],[302],[82],[5],[369],[700],[895],[509],[547],[483],[440],[61],[728],[843],[558],[523],[240],[40]
188,[132],[969],[4],[954],[540],[372],[812],[371],[643],[575],[369],[614],[107],[645],[152],[697],[191],[831],[3],[483],[303],[544],[226],[380],[161],[770],[744],[388],[523],[202],[581],[818],[59],[589],[875],[869],[866],[497],[661],[702],[450],[502],[813],[561],[108],[197],[613],[958],[957],[346],[440],[945],[13],[809],[81],[256],[875],[227],[488],[724],[982],[430],[918],[857],[149],[639],[546],[344],[768],[961],[347],[328],[163],[287],[69],[749],[360],[813],[461],[943],[458],[704],[182],[887],[548],[460],[708],[933],[809],[451],[919],[709],[46],[963],[602],[711],[784],[169],[683],[115]
189,[952],[361],[761],[61],[966],[984],[659],[787],[156],[839],[470],[892],[957],[434],[771],[455],[766],[0],[128],[944],[936],[119],[904],[15],[553],[629],[568],[614],[302],[880],[354],[357],[136],[428],[658],[538],[832],[546],[710],[472],[117],[37],[939],[470],[668],[276],[836],[209],[430],[780],[777],[585],[382],[182],[545],[735],[934],[201],[954],[551],[450],[61],[403],[727],[595],[332],[239],[231],[752],[824],[689],[851],[511],[700],[841],[123],[343],[195],[520],[985],[605],[849],[422],[165],[185],[828],[346],[891],[276],[434],[832],[392],[330],[79],[403],[678],[239],[226],[633],[184]
190,[482],[622],[628],[938],[691],[385],[447],[618],[678],[640],[422],[618],[763],[384],[494],[653],[568],[323],[647],[988],[415],[422],[699],[276],[352],[795],[673],[366],[108],[474],[90],[973],[984],[994],[722],[23],[206],[479],[724],[598],[270],[305],[585],[230],[81],[471],[677],[855],[96],[620],[563],[603],[407],[637],[621],[330],[285],[772],[495],[337],[809],[876],[762],[612],[343],[721],[682],[461],[652],[910],[108],[15],[554],[775],[228],[456],[183],[585],[906],[252],[670],[405],[567],[568],[157],[554],[3],[975],[655],[864],[685],[837],[925],[138],[940],[810],[934],[788],[238],[979]
191,[711],[680],[397],[57],[413],[610],[90],[905],[770],[737],[587],[137],[482],[283],[997],[800],[942],[815],[471],[990],[920],[781],[284],[346],[636],[722],[326],[262],[864],[984],[277],[761],[834],[88],[514],[314],[91],[346],[501],[502],[425],[891],[580],[263],[423],[829],[355],[421],[793],[982],[437],[340],[589],[764],[827],[969],[415],[897],[271],[880],[724],[961],[605],[134],[567],[672],[885],[22],[306],[989],[35],[149],[371],[816],[509],[269],[683],[193],[691],[114],[900],[71],[421],[43],[17],[666],[486],[145],[675],[687],[433],[575],[297],[902],[349],[836],[361],[256],[390],[455]
192,[580],[142],[443],[140],[692],[203],[397],[830],[710],[683],[384],[605],[119],[382],[334],[967],[708],[639],[62],[819],[714],[661],[737],[2],[18],[24],[277],[362],[883],[92],[985],[482],[426],[448],[384],[276],[618],[926],[117],[433],[224],[456],[224],[629],[850],[70],[368],[212],[981],[335],[881],[980],[304],[775],[467],[405],[210],[222],[159],[703],[842],[346],[727],[851],[942],[915],[895],[47],[449],[651],[458],[281],[292],[705],[204],[686],[593],[801],[277],[417],[283],[641],[225],[53],[978],[515],[150],[316],[867],[197],[631],[742],[846],[849],[809],[223],[221],[668],[476],[62]
193,[281],[426],[590],[409],[376],[24],[330],[799],[45],[412],[81],[461],[932],[22],[506],[483],[454],[726],[674],[624],[576],[409],[401],[209],[974],[107],[155],[49],[585],[0],[210],[234],[74],[468],[131],[790],[590],[637],[338],[119],[637],[520],[427],[97],[296],[677],[219],[461],[63],[911],[722],[280],[517],[135],[198],[886],[91],[146],[309],[842],[706],[296],[776],[20],[204],[128],[121],[456],[986],[599],[383],[86],[957],[682],[190],[343],[716],[225],[481],[317],[464],[761],[804],[834],[370],[352],[587],[632],[300],[68],[283],[41],[93],[277],[934],[10],[729],[950],[729],[699]
194,[235],[427],[432],[63],[494],[373],[166],[784],[140],[71],[904],[376],[350],[291],[964],[501],[224],[128],[489],[161],[661],[132],[224],[489],[528],[60],[55],[775],[111],[520],[271],[646],[384],[930],[417],[130],[758],[645],[547],[108],[325],[382],[105],[364],[985],[695],[135],[114],[143],[895],[795],[850],[488],[662],[903],[607],[244],[349],[765],[497],[899],[306],[693],[447],[849],[388],[270],[685],[360],[936],[744],[441],[286],[521],[389],[506],[523],[248],[650],[440],[380],[56],[598],[71],[905],[453],[567],[26],[740],[545],[480],[26],[9],[432],[584],[982],[665],[313],[331],[35]
195,[44],[323],[877],[178],[585],[932],[302],[98],[305],[213],[102],[277],[396],[663],[989],[564],[192],[395],[230],[265],[804],[820],[129],[965],[595],[979],[476],[472],[690],[239],[974],[205],[453],[906],[247],[769],[899],[700],[197],[647],[783],[65],[448],[151],[308],[35],[831],[997],[715],[207],[689],[645],[854],[113],[782],[654],[215],[892],[856],[158],[563],[933],[927],[707],[779],[848],[10],[597],[750],[181],[313],[884],[38],[784],[66],[760],[297],[762],[836],[424],[673],[204],[467],[23],[773],[200],[793],[884],[372],[495],[482],[582],[511],[841],[673],[105],[674],[811],[308],[58]
196,[886],[89],[702],[654],[538],[368],[504],[591],[339],[783],[451],[875],[797],[621],[429],[622],[287],[40],[880],[712],[493],[681],[388],[161],[231],[656],[859],[286],[370],[576],[374],[4],[393],[297],[800],[975],[401],[71],[102],[589],[713],[59],[837],[386],[206],[991],[316],[562],[457],[288],[285],[497],[156],[907],[401],[421],[642],[838],[681],[677],[144],[171],[998],[729],[588],[924],[839],[596],[739],[600],[84],[84],[256],[836],[372],[768],[894],[730],[715],[341],[505],[300],[910],[233],[83],[298],[580],[242],[538],[652],[605],[189],[619],[660],[862],[235],[360],[882],[983],[652]
197,[739],[330],[820],[690],[52],[967],[946],[284],[165],[165],[440],[545],[740],[978],[524],[779],[267],[934],[595],[903],[658],[698],[604],[571],[531],[123],[976],[906],[255],[769],[340],[734],[725],[35],[271],[390],[242],[697],[847],[374],[329],[290],[544],[972],[11],[692],[290],[994],[139],[487],[966],[422],[573],[518],[381],[659],[492],[856],[71],[411],[452],[412],[419],[473],[460],[495],[823],[43],[61],[714],[729],[350],[924],[670],[832],[644],[36],[26],[948],[861],[524],[833],[33],[412],[217],[938],[265],[644],[735],[536],[983],[229],[577],[203],[196],[580],[446],[452],[714],[392]
198,[806],[772],[941],[734],[747],[926],[336],[673],[394],[569],[464],[291],[292],[710],[903],[640],[496],[936],[812],[273],[730],[627],[836],[641],[915],[189],[51],[765],[893],[167],[176],[92],[878],[858],[712],[554],[307],[234],[625],[910],[874],[337],[58],[751],[724],[210],[734],[887],[607],[785],[373],[322],[830],[169],[242],[850],[761],[97],[152],[588],[70],[365],[104],[419],[392],[808],[445],[858],[219],[743],[509],[481],[709],[33],[817],[290],[154],[481],[993],[725],[812],[713],[623],[1],[410],[204],[844],[254],[719],[417],[431],[296],[263],[590],[839],[207],[438],[555],[821],[341]
199,[489],[286],[984],[615],[377],[655],[935],[467],[791],[955],[493],[574],[333],[639],[202],[38],[245],[433],[148],[346],[93],[884],[597],[185],[491],[904],[264],[933],[21],[356],[598],[475],[61],[32],[649],[877],[378],[422],[576],[718],[38],[473],[459],[414],[65],[651],[966],[74],[10],[119],[135],[47],[280],[22],[743],[29],[62],[366],[930],[832],[163],[580],[209],[645],[11],[277],[529],[385],[971],[634],[340],[95],[526],[991],[671],[692],[729],[201],[704],[462],[810],[301],[928],[449],[345],[770],[500],[338],[580],[711],[566],[949],[782],[372],[939],[421],[374],[976],[722],[142]
200,[927],[181],[627],[96],[133],[412],[548],[385],[571],[429],[227],[683],[337],[331],[773],[137],[700],[123],[283],[694],[341],[284],[545],[689],[372],[280],[876],[241],[487],[359],[241],[146],[813],[665],[764],[938],[9],[329],[116],[391],[124],[161],[245],[55],[190],[697],[573],[442],[997],[557],[302],[362],[104],[25],[701],[275],[529],[664],[787],[0],[632],[746],[980],[811],[995],[482],[65],[774],[320],[364],[604],[271],[755],[993],[859],[543],[215],[288],[462],[312],[602],[212],[13],[996],[526],[848],[70],[311],[665],[164],[868],[145],[32],[513],[612],[136],[546],[634],[841],[762]
201,[403],[547],[270],[123],[489],[199],[493],[534],[612],[376],[62],[876],[308],[608],[504],[784],[618],[524],[718],[744],[668],[703],[465],[558],[288],[192],[374],[858],[271],[916],[84],[108],[265],[120],[772],[431],[671],[692],[204],[407],[293],[14],[600],[980],[990],[999],[911],[695],[80],[161],[143],[893],[139],[147],[453],[449],[73],[745],[91],[338],[127],[874],[834],[381],[597],[6],[358],[232],[477],[341],[104],[803],[248],[452],[498],[594],[419],[229],[591],[81],[531],[557],[976],[777],[316],[617],[663],[512],[162],[9],[709],[917],[711],[895],[104],[712],[829],[193],[946],[984]
202,[470],[774],[711],[828],[853],[725],[993],[294],[683],[192],[170],[16],[58],[537],[718],[694],[540],[705],[262],[219],[611],[827],[427],[797],[106],[67],[356],[19],[476],[751],[522],[273],[629],[601],[233],[337],[860],[964],[618],[869],[297],[191],[984],[226],[472],[771],[39],[163],[490],[811],[349],[348],[872],[847],[730],[705],[277],[0],[497],[215],[701],[877],[667],[377],[70],[773],[631],[446],[471],[248],[817],[586],[122],[149],[923],[250],[450],[496],[44],[116],[520],[262],[826],[770],[1],[764],[166],[620],[642],[101],[227],[465],[73],[718],[53],[679],[951],[308],[392],[965]
203,[167],[543],[438],[215],[121],[985],[772],[150],[125],[99],[927],[391],[822],[798],[565],[936],[243],[952],[152],[510],[697],[847],[151],[594],[594],[887],[160],[524],[630],[242],[444],[862],[801],[963],[575],[270],[709],[481],[923],[864],[704],[186],[882],[616],[975],[411],[385],[527],[34],[998],[354],[206],[715],[246],[675],[489],[239],[27],[286],[864],[611],[148],[923],[295],[549],[121],[988],[518],[629],[974],[695],[502],[941],[184],[910],[12],[443],[721],[81],[733],[53],[684],[953],[603],[246],[432],[437],[839],[939],[727],[115],[865],[712],[966],[736],[246],[749],[348],[398],[752]
204,[418],[703],[891],[293],[307],[624],[696],[529],[198],[678],[104],[571],[935],[593],[184],[577],[811],[58],[681],[345],[520],[489],[236],[70],[442],[950],[564],[760],[215],[819],[771],[969],[553],[765],[648],[736],[208],[743],[450],[86],[702],[952],[640],[789],[775],[178],[532],[103],[568],[867],[985],[562],[972],[702],[202],[118],[802],[852],[454],[357],[448],[821],[732],[897],[408],[148],[603],[274],[694],[473],[856],[845],[20],[499],[531],[191],[810],[442],[967],[228],[365],[147],[451],[601],[78],[30],[30],[148],[86],[966],[674],[85],[248],[353],[99],[939],[369],[583],[486],[928]
205,[317],[499],[264],[276],[596],[975],[369],[917],[18],[650],[601],[603],[356],[427],[154],[83],[106],[175],[475],[523],[595],[432],[327],[743],[145],[749],[130],[821],[652],[84],[364],[31],[26],[842],[956],[729],[333],[275],[225],[137],[350],[612],[101],[891],[938],[585],[521],[813],[812],[385],[406],[381],[698],[177],[714],[889],[318],[338],[262],[54],[126],[817],[914],[944],[378],[965],[904],[926],[342],[166],[540],[5],[671],[30],[698],[102],[253],[326],[582],[822],[327],[274],[415],[372],[53],[559],[898],[547],[129],[34],[752],[184],[129],[183],[78],[543],[681],[786],[415],[311]
206,[616],[519],[543],[566],[534],[297],[847],[157],[968],[675],[641],[623],[651],[656],[892],[606],[937],[850],[770],[452],[526],[878],[721],[252],[752],[917],[410],[417],[631],[381],[215],[753],[468],[423],[991],[936],[302],[803],[286],[183],[386],[304],[457],[549],[128],[636],[398],[143],[749],[63],[72],[507],[329],[91],[511],[124],[863],[610],[918],[702],[926],[801],[739],[415],[380],[557],[863],[206],[865],[451],[265],[679],[682],[495],[967],[691],[749],[534],[291],[653],[238],[447],[676],[257],[940],[358],[356],[85],[678],[649],[183],[422],[486],[475],[132],[179],[512],[844],[820],[470]
207,[408],[845],[224],[842],[179],[503],[584],[995],[355],[22],[278],[127],[426],[604],[719],[956],[149],[728],[784],[515],[937],[76],[566],[105],[423],[916],[298],[551],[924],[614],[381],[296],[415],[876],[718],[887],[80],[172],[248],[774],[315],[109],[450],[160],[110],[623],[76],[677],[557],[224],[769],[506],[141],[772],[341],[382],[312],[61],[219],[50],[407],[950],[416],[241],[119],[534],[281],[2],[933],[700],[341],[191],[89],[923],[813],[587],[991],[416],[402],[559],[353],[990],[462],[808],[413],[48],[276],[961],[245],[427],[656],[376],[106],[788],[445],[390],[51],[814],[259],[841]
208,[813],[197],[664],[896],[100],[783],[564],[477],[342],[912],[20],[747],[484],[579],[170],[855],[793],[861],[402],[909],[578],[275],[548],[681],[493],[214],[37],[813],[71],[595],[976],[814],[339],[343],[184],[451],[471],[395],[139],[568],[858],[656],[440],[917],[60],[71],[554],[812],[971],[169],[258],[3],[134],[568],[312],[36],[198],[267],[860],[330],[8],[443],[202],[681],[108],[427],[253],[614],[78],[690],[132],[887],[72],[438],[154],[406],[509],[977],[459],[382],[277],[573],[841],[835],[146],[115],[149],[560],[529],[273],[926],[102],[116],[702],[890],[530],[90],[340],[148],[709]
209,[178],[947],[742],[272],[346],[108],[101],[605],[499],[580],[152],[337],[123],[536],[726],[649],[637],[993],[637],[79],[171],[229],[669],[115],[101],[213],[791],[750],[564],[252],[77],[123],[142],[303],[245],[662],[3],[947],[380],[729],[862],[124],[821],[574],[721],[462],[742],[798],[184],[223],[591],[842],[553],[104],[987],[111],[122],[234],[232],[510],[574],[995],[911],[504],[5],[641],[681],[985],[780],[538],[556],[893],[224],[848],[715],[137],[78],[921],[17],[366],[645],[531],[197],[855],[7],[424],[795],[751],[113],[682],[453],[589],[430],[134],[566],[876],[460],[569],[806],[772]
210,[344],[797],[907],[707],[35],[640],[693],[507],[573],[985],[842],[883],[658],[258],[913],[900],[65],[824],[735],[518],[784],[90],[709],[273],[82],[999],[166],[363],[781],[622],[527],[717],[191],[147],[500],[143],[154],[496],[0],[359],[997],[140],[676],[148],[695],[606],[444],[676],[853],[423],[422],[687],[167],[361],[855],[996],[294],[531],[125],[862],[190],[757],[74],[392],[609],[483],[650],[284],[189],[455],[252],[588],[404],[400],[902],[757],[383],[742],[509],[670],[243],[696],[728],[419],[202],[710],[544],[210],[385],[909],[71],[973],[717],[643],[559],[602],[606],[433],[859],[670]
211,[117],[193],[390],[467],[728],[921],[409],[980],[93],[498],[792],[767],[341],[687],[983],[496],[249],[146],[913],[524],[107],[405],[142],[242],[678],[364],[25],[238],[736],[669],[125],[426],[897],[0],[446],[587],[642],[532],[463],[504],[178],[977],[379],[240],[830],[224],[736],[10],[659],[377],[199],[319],[171],[451],[150],[833],[245],[770],[405],[456],[884],[705],[593],[496],[543],[611],[917],[675],[503],[932],[671],[141],[68],[675],[435],[178],[374],[160],[974],[152],[818],[678],[37],[782],[450],[870],[578],[382],[296],[72],[83],[220],[514],[581],[819],[504],[886],[760],[158],[821]
212,[612],[909],[826],[900],[57],[125],[57],[961],[495],[754],[411],[36],[572],[121],[134],[273],[663],[95],[219],[854],[122],[609],[171],[665],[672],[380],[731],[873],[220],[586],[805],[623],[591],[67],[380],[373],[405],[357],[134],[402],[652],[589],[783],[252],[798],[223],[387],[596],[592],[83],[858],[885],[442],[586],[3],[470],[746],[749],[826],[711],[495],[600],[666],[406],[421],[83],[119],[481],[818],[860],[257],[138],[962],[144],[159],[443],[412],[156],[317],[7],[773],[599],[773],[747],[416],[113],[531],[385],[570],[813],[467],[266],[455],[395],[669],[929],[144],[774],[925],[68]
213,[53],[789],[864],[686],[523],[426],[936],[634],[450],[837],[668],[181],[628],[90],[246],[715],[329],[514],[732],[480],[343],[344],[396],[64],[631],[345],[380],[395],[955],[744],[80],[138],[258],[730],[985],[186],[436],[140],[497],[770],[186],[423],[181],[535],[444],[676],[983],[300],[326],[170],[257],[688],[588],[373],[295],[539],[255],[249],[994],[526],[417],[280],[529],[123],[356],[301],[981],[835],[332],[12],[704],[497],[486],[891],[155],[957],[425],[853],[729],[875],[664],[502],[382],[106],[471],[311],[605],[571],[811],[961],[647],[292],[50],[424],[938],[184],[922],[486],[207],[141]
214,[697],[127],[164],[698],[180],[439],[689],[512],[815],[149],[531],[744],[801],[152],[5],[796],[927],[151],[622],[418],[115],[232],[896],[556],[67],[390],[489],[249],[218],[427],[333],[464],[344],[416],[782],[41],[760],[54],[233],[421],[449],[160],[503],[57],[248],[149],[263],[87],[433],[535],[778],[407],[288],[467],[400],[873],[921],[197],[419],[604],[810],[555],[611],[684],[55],[756],[404],[571],[29],[448],[400],[820],[752],[81],[875],[368],[174],[355],[319],[219],[879],[780],[519],[815],[116],[797],[876],[887],[3],[629],[852],[136],[210],[390],[637],[777],[717],[840],[893],[214]
215,[726],[953],[643],[501],[168],[898],[811],[144],[868],[447],[597],[327],[315],[672],[517],[851],[831],[387],[284],[870],[83],[933],[89],[62],[789],[775],[239],[895],[928],[240],[360],[372],[75],[274],[820],[318],[290],[95],[649],[778],[782],[318],[155],[506],[432],[562],[591],[926],[684],[962],[926],[954],[385],[329],[783],[215],[748],[548],[618],[297],[236],[514],[698],[344],[814],[405],[828],[671],[88],[916],[374],[741],[886],[617],[301],[878],[964],[981],[340],[932],[911],[276],[454],[409],[895],[954],[228],[185],[847],[316],[498],[641],[706],[373],[915],[595],[397],[605],[978],[546]
216,[321],[882],[379],[720],[837],[163],[887],[503],[615],[433],[340],[748],[144],[194],[61],[227],[100],[76],[885],[669],[357],[673],[999],[725],[877],[219],[911],[659],[279],[716],[223],[563],[341],[721],[183],[395],[1],[104],[530],[901],[793],[573],[565],[979],[932],[166],[883],[140],[728],[702],[279],[881],[290],[215],[646],[52],[868],[300],[479],[804],[121],[535],[975],[195],[802],[166],[604],[412],[850],[49],[526],[804],[626],[970],[883],[590],[281],[783],[361],[652],[126],[530],[997],[638],[46],[101],[930],[294],[51],[23],[897],[375],[754],[238],[871],[277],[721],[492],[630],[378]
217,[957],[606],[649],[970],[283],[706],[180],[282],[445],[377],[816],[439],[535],[50],[841],[597],[442],[12],[390],[580],[518],[172],[369],[451],[510],[570],[17],[533],[205],[95],[882],[26],[121],[97],[295],[526],[328],[240],[235],[881],[772],[517],[886],[837],[218],[853],[193],[273],[894],[731],[576],[430],[337],[784],[342],[374],[587],[569],[533],[55],[661],[54],[691],[96],[648],[536],[48],[211],[119],[770],[732],[787],[378],[399],[787],[315],[248],[198],[62],[333],[754],[290],[856],[207],[925],[356],[401],[760],[961],[794],[622],[990],[354],[937],[954],[443],[858],[58],[699],[708]
218,[636],[449],[407],[547],[646],[670],[760],[258],[382],[793],[329],[250],[280],[839],[27],[136],[353],[436],[103],[342],[146],[58],[457],[98],[162],[794],[479],[846],[309],[21],[425],[776],[467],[288],[977],[28],[108],[987],[638],[388],[304],[203],[0],[4],[429],[981],[59],[42],[931],[343],[459],[429],[384],[527],[688],[45],[41],[791],[161],[503],[485],[674],[542],[856],[73],[446],[238],[561],[897],[971],[925],[447],[847],[22],[231],[938],[874],[145],[150],[586],[90],[314],[587],[378],[853],[522],[784],[981],[469],[488],[273],[276],[199],[305],[676],[261],[728],[954],[70],[471]
219,[440],[225],[333],[296],[816],[605],[270],[937],[707],[920],[598],[76],[811],[627],[283],[894],[653],[89],[976],[416],[571],[774],[387],[894],[969],[56],[600],[131],[70],[763],[973],[775],[215],[263],[54],[242],[790],[780],[408],[832],[208],[938],[461],[776],[517],[402],[851],[415],[3],[383],[3],[976],[930],[288],[129],[564],[368],[347],[893],[969],[833],[637],[715],[319],[453],[477],[193],[623],[638],[489],[985],[96],[220],[913],[724],[215],[967],[431],[538],[696],[674],[612],[375],[179],[795],[855],[439],[350],[798],[93],[953],[514],[746],[867],[299],[558],[370],[47],[388],[462]
220,[850],[922],[170],[877],[366],[119],[899],[890],[449],[119],[287],[410],[218],[863],[682],[183],[195],[828],[27],[233],[182],[809],[88],[843],[862],[43],[303],[504],[2],[26],[881],[994],[799],[435],[285],[354],[102],[255],[534],[118],[642],[75],[950],[393],[776],[433],[33],[253],[744],[94],[862],[97],[922],[141],[221],[395],[899],[425],[535],[316],[474],[597],[953],[632],[450],[54],[745],[855],[415],[403],[219],[514],[467],[268],[482],[391],[920],[726],[475],[781],[890],[567],[531],[150],[602],[528],[496],[950],[348],[549],[825],[881],[31],[945],[285],[180],[778],[455],[705],[248]
221,[219],[847],[110],[525],[458],[369],[116],[527],[946],[177],[334],[135],[390],[508],[602],[745],[746],[141],[134],[656],[822],[385],[208],[488],[235],[6],[677],[601],[851],[514],[328],[257],[477],[220],[215],[82],[581],[921],[324],[372],[4],[422],[607],[65],[607],[157],[893],[234],[397],[904],[219],[512],[501],[759],[35],[500],[230],[339],[530],[472],[657],[99],[852],[823],[360],[257],[312],[815],[484],[753],[613],[634],[489],[611],[888],[67],[392],[93],[307],[273],[254],[769],[425],[805],[448],[42],[183],[28],[382],[1],[181],[61],[946],[930],[466],[493],[86],[781],[493],[828]
222,[605],[445],[265],[716],[999],[299],[61],[998],[383],[160],[63],[235],[933],[75],[617],[314],[786],[10],[200],[144],[400],[720],[920],[802],[642],[163],[894],[644],[846],[75],[671],[153],[358],[205],[6],[513],[566],[972],[290],[922],[647],[153],[273],[653],[739],[607],[730],[548],[688],[303],[652],[982],[615],[786],[375],[471],[796],[758],[384],[530],[857],[474],[129],[413],[148],[595],[816],[633],[866],[775],[101],[335],[638],[20],[840],[285],[690],[347],[809],[54],[570],[781],[191],[85],[864],[430],[884],[607],[452],[375],[794],[573],[995],[968],[751],[304],[11],[124],[595],[616]
223,[982],[386],[115],[107],[90],[159],[950],[139],[120],[109],[757],[633],[703],[556],[678],[508],[184],[441],[839],[641],[968],[41],[778],[723],[644],[587],[887],[149],[582],[878],[868],[0],[278],[268],[588],[674],[929],[864],[561],[791],[457],[534],[667],[521],[158],[297],[145],[146],[224],[53],[903],[468],[862],[995],[788],[950],[465],[158],[124],[93],[400],[332],[336],[859],[250],[66],[155],[974],[353],[774],[717],[261],[876],[855],[408],[900],[465],[880],[149],[60],[724],[326],[419],[542],[850],[513],[294],[413],[244],[932],[869],[596],[693],[664],[930],[25],[36],[711],[754],[100]
224,[66],[708],[844],[775],[476],[401],[603],[173],[583],[845],[177],[304],[260],[177],[708],[276],[122],[25],[153],[867],[727],[354],[482],[909],[359],[800],[116],[436],[89],[784],[143],[803],[271],[395],[100],[695],[992],[545],[838],[168],[657],[832],[142],[179],[36],[458],[296],[720],[300],[909],[419],[117],[186],[122],[943],[39],[208],[477],[352],[73],[562],[133],[861],[844],[66],[519],[387],[263],[405],[805],[656],[656],[237],[641],[141],[413],[552],[543],[215],[372],[675],[729],[339],[729],[585],[566],[31],[882],[423],[336],[295],[346],[243],[119],[774],[229],[256],[283],[784],[291]
225,[286],[880],[785],[785],[883],[409],[938],[834],[754],[896],[544],[503],[764],[198],[141],[652],[305],[194],[375],[231],[234],[324],[173],[12],[363],[691],[148],[79],[589],[342],[705],[492],[974],[719],[666],[449],[756],[720],[876],[862],[669],[308],[866],[197],[225],[600],[651],[384],[935],[859],[572],[528],[313],[533],[815],[251],[134],[119],[297],[820],[924],[711],[156],[957],[616],[15],[182],[772],[613],[828],[935],[829],[732],[344],[296],[96],[983],[299],[872],[774],[985],[863],[168],[291],[553],[747],[495],[781],[830],[817],[952],[0],[943],[115],[85],[249],[714],[112],[314],[884]
226,[298],[226],[723],[524],[749],[274],[165],[521],[984],[403],[639],[111],[290],[133],[764],[736],[159],[664],[412],[241],[291],[138],[674],[906],[487],[840],[747],[39],[825],[713],[820],[340],[349],[284],[876],[288],[23],[494],[919],[667],[614],[88],[902],[100],[59],[304],[279],[964],[837],[253],[228],[23],[547],[977],[120],[40],[917],[688],[895],[649],[228],[35],[282],[489],[769],[41],[444],[531],[561],[655],[177],[543],[473],[862],[641],[338],[369],[350],[440],[5],[249],[707],[300],[807],[248],[807],[174],[941],[134],[283],[485],[715],[739],[72],[250],[367],[121],[395],[596],[386]
227,[543],[274],[476],[288],[323],[35],[184],[584],[610],[876],[294],[110],[182],[188],[482],[228],[241],[374],[74],[859],[875],[201],[322],[682],[586],[576],[450],[913],[262],[72],[778],[799],[671],[949],[180],[812],[140],[440],[138],[575],[428],[830],[338],[288],[794],[571],[324],[250],[81],[744],[818],[517],[762],[625],[404],[598],[638],[449],[574],[328],[469],[858],[853],[929],[671],[673],[750],[941],[953],[175],[819],[969],[891],[388],[62],[121],[261],[741],[352],[370],[523],[111],[377],[588],[111],[654],[685],[104],[257],[993],[469],[533],[810],[792],[34],[449],[994],[776],[166],[504]
228,[975],[500],[717],[217],[821],[582],[242],[495],[278],[331],[289],[126],[460],[986],[793],[321],[176],[425],[286],[255],[933],[331],[460],[940],[872],[663],[916],[43],[204],[325],[268],[330],[369],[936],[278],[236],[878],[767],[282],[967],[542],[583],[73],[934],[748],[953],[896],[246],[470],[320],[444],[800],[804],[807],[305],[862],[646],[103],[315],[395],[254],[6],[435],[147],[147],[859],[365],[998],[298],[979],[712],[295],[969],[962],[792],[802],[997],[953],[117],[935],[540],[907],[392],[527],[158],[662],[445],[814],[611],[591],[386],[908],[141],[248],[462],[680],[117],[484],[597],[614]
229,[313],[160],[11],[814],[822],[162],[697],[488],[903],[530],[672],[663],[848],[736],[826],[889],[462],[904],[684],[889],[644],[194],[788],[600],[182],[604],[556],[260],[800],[726],[847],[509],[611],[528],[280],[145],[199],[114],[612],[216],[575],[613],[549],[943],[331],[689],[172],[512],[145],[916],[747],[649],[49],[266],[114],[798],[778],[199],[411],[464],[658],[400],[835],[467],[600],[414],[668],[793],[939],[151],[142],[898],[885],[877],[554],[434],[292],[959],[223],[573],[870],[416],[827],[301],[487],[905],[249],[283],[49],[541],[45],[628],[148],[763],[372],[361],[464],[802],[746],[88]
230,[750],[794],[589],[169],[980],[283],[8],[514],[27],[42],[828],[245],[598],[630],[256],[637],[751],[403],[960],[764],[990],[944],[885],[721],[318],[519],[403],[83],[595],[617],[413],[6],[432],[471],[911],[413],[658],[775],[33],[505],[950],[112],[786],[172],[362],[238],[506],[704],[33],[568],[429],[367],[706],[52],[67],[474],[101],[113],[587],[776],[29],[40],[625],[917],[122],[977],[437],[574],[231],[784],[649],[625],[46],[623],[701],[489],[632],[226],[96],[913],[190],[979],[857],[108],[572],[996],[945],[575],[301],[392],[154],[860],[56],[242],[238],[707],[72],[594],[224],[401]
231,[549],[317],[778],[382],[584],[547],[69],[368],[661],[356],[381],[622],[518],[470],[582],[585],[28],[603],[911],[415],[722],[237],[271],[297],[34],[335],[607],[46],[782],[512],[613],[281],[274],[495],[909],[733],[561],[955],[605],[83],[21],[291],[752],[768],[598],[762],[436],[235],[429],[357],[465],[508],[617],[185],[442],[309],[939],[411],[154],[577],[62],[461],[108],[803],[525],[399],[833],[87],[593],[113],[774],[606],[563],[597],[378],[324],[966],[151],[769],[757],[626],[330],[684],[535],[819],[1],[791],[3],[508],[574],[891],[732],[900],[837],[783],[612],[777],[617],[221],[849]
232,[533],[514],[563],[490],[359],[172],[998],[319],[874],[131],[705],[318],[702],[811],[880],[671],[963],[474],[441],[826],[794],[665],[704],[495],[36],[569],[939],[671],[913],[37],[908],[899],[375],[863],[949],[411],[506],[462],[393],[469],[422],[392],[278],[708],[945],[903],[388],[846],[587],[966],[4],[401],[639],[794],[676],[376],[889],[283],[122],[965],[203],[156],[616],[187],[256],[171],[177],[677],[152],[667],[331],[389],[73],[275],[870],[202],[725],[594],[890],[820],[494],[701],[712],[20],[383],[918],[805],[925],[21],[822],[507],[788],[368],[442],[459],[642],[517],[478],[128],[51]
233,[131],[753],[754],[283],[838],[647],[49],[24],[869],[581],[410],[268],[517],[3],[743],[400],[699],[711],[861],[139],[465],[392],[269],[678],[237],[973],[106],[840],[166],[511],[981],[141],[780],[489],[540],[545],[25],[178],[717],[564],[549],[181],[849],[791],[464],[193],[533],[757],[855],[748],[53],[654],[848],[367],[11],[961],[482],[759],[929],[923],[531],[81],[833],[12],[898],[20],[969],[515],[532],[276],[370],[901],[731],[821],[447],[569],[405],[282],[111],[730],[118],[971],[302],[594],[361],[841],[846],[258],[774],[675],[625],[304],[177],[250],[737],[197],[275],[599],[68],[714]
234,[388],[733],[427],[596],[195],[853],[872],[772],[442],[662],[684],[130],[697],[658],[291],[547],[644],[451],[666],[178],[284],[3],[8],[267],[473],[637],[20],[882],[503],[289],[471],[906],[982],[530],[431],[51],[556],[392],[762],[337],[384],[790],[658],[593],[400],[216],[986],[420],[836],[394],[224],[240],[406],[445],[287],[570],[973],[247],[385],[675],[234],[547],[575],[903],[859],[718],[991],[402],[349],[688],[356],[808],[143],[930],[426],[58],[301],[724],[243],[105],[60],[682],[810],[909],[703],[13],[169],[192],[614],[717],[466],[957],[947],[448],[347],[15],[976],[779],[724],[749]
235,[466],[231],[275],[801],[374],[923],[540],[831],[102],[297],[211],[998],[236],[112],[545],[832],[681],[974],[813],[438],[742],[952],[359],[546],[896],[382],[205],[16],[100],[262],[219],[478],[66],[231],[899],[728],[15],[297],[588],[64],[369],[17],[129],[954],[986],[211],[19],[937],[66],[728],[830],[524],[494],[823],[17],[444],[94],[865],[711],[956],[323],[95],[636],[993],[638],[897],[221],[168],[5],[801],[481],[345],[871],[939],[960],[296],[722],[952],[19],[647],[798],[851],[46],[467],[525],[10],[109],[712],[591],[203],[88],[970],[687],[362],[771],[904],[872],[62],[190],[234]
236,[287],[305],[909],[472],[599],[333],[565],[796],[859],[882],[585],[258],[825],[42],[694],[120],[199],[212],[972],[423],[840],[255],[452],[714],[335],[76],[921],[373],[350],[480],[894],[558],[35],[877],[121],[294],[891],[830],[310],[43],[823],[187],[778],[874],[585],[721],[276],[378],[601],[347],[910],[4],[498],[861],[254],[522],[157],[804],[278],[989],[332],[798],[294],[219],[324],[340],[566],[128],[674],[783],[995],[888],[999],[878],[219],[323],[406],[748],[759],[765],[274],[64],[41],[719],[540],[238],[236],[286],[823],[399],[308],[163],[999],[47],[180],[296],[371],[85],[727],[723]
237,[176],[376],[513],[421],[743],[869],[293],[524],[122],[214],[657],[56],[421],[666],[292],[336],[938],[414],[566],[513],[119],[744],[713],[751],[791],[471],[206],[896],[606],[697],[485],[264],[841],[695],[261],[871],[833],[929],[498],[588],[719],[663],[99],[129],[763],[101],[509],[694],[45],[362],[505],[169],[577],[489],[360],[699],[760],[924],[318],[428],[853],[288],[305],[349],[944],[815],[481],[830],[369],[557],[137],[366],[12],[241],[494],[862],[751],[232],[143],[738],[649],[475],[402],[464],[930],[246],[18],[292],[132],[297],[698],[335],[385],[538],[708],[660],[806],[733],[601],[414]
238,[661],[936],[701],[604],[155],[221],[699],[900],[580],[407],[707],[448],[75],[809],[931],[301],[685],[700],[874],[700],[160],[709],[5],[475],[836],[720],[932],[772],[788],[566],[828],[375],[46],[96],[786],[416],[285],[845],[673],[102],[672],[151],[769],[415],[369],[852],[778],[698],[445],[879],[286],[904],[489],[475],[715],[778],[51],[311],[23],[801],[263],[174],[207],[607],[117],[429],[922],[297],[278],[687],[463],[979],[289],[330],[920],[75],[682],[439],[161],[516],[726],[634],[745],[161],[915],[694],[447],[796],[69],[680],[462],[498],[568],[108],[338],[123],[184],[876],[732],[171]
239,[775],[421],[271],[622],[67],[871],[534],[437],[208],[394],[117],[695],[120],[386],[81],[366],[839],[252],[657],[999],[934],[923],[706],[873],[263],[810],[529],[803],[265],[569],[338],[883],[99],[94],[419],[665],[86],[406],[441],[87],[219],[183],[306],[823],[549],[290],[244],[503],[286],[824],[531],[273],[594],[446],[867],[832],[418],[620],[522],[562],[36],[533],[981],[472],[237],[391],[381],[750],[828],[217],[461],[703],[397],[78],[863],[77],[470],[143],[439],[302],[899],[613],[542],[860],[840],[976],[140],[415],[962],[277],[311],[857],[296],[104],[51],[464],[570],[877],[795],[803]
240,[745],[980],[130],[390],[909],[661],[786],[781],[88],[416],[568],[453],[365],[531],[589],[550],[153],[635],[967],[972],[772],[825],[157],[850],[197],[387],[779],[24],[966],[224],[525],[967],[542],[594],[577],[933],[521],[46],[575],[854],[126],[478],[965],[22],[978],[288],[464],[834],[95],[187],[426],[455],[187],[769],[833],[772],[831],[781],[15],[135],[339],[658],[621],[163],[724],[264],[244],[450],[363],[510],[868],[132],[466],[379],[475],[203],[413],[771],[719],[435],[354],[545],[361],[574],[15],[270],[751],[864],[79],[321],[450],[424],[607],[923],[485],[51],[163],[59],[548],[525]
241,[924],[834],[983],[46],[143],[762],[482],[25],[882],[236],[506],[32],[258],[902],[508],[393],[635],[536],[624],[989],[405],[968],[672],[937],[452],[534],[358],[973],[310],[936],[306],[643],[342],[928],[516],[167],[942],[607],[647],[856],[155],[365],[505],[553],[186],[283],[470],[611],[893],[177],[19],[543],[565],[311],[691],[986],[628],[168],[822],[685],[676],[195],[801],[244],[755],[683],[158],[808],[706],[577],[965],[43],[54],[909],[838],[697],[42],[745],[428],[849],[745],[768],[853],[696],[37],[865],[716],[333],[298],[683],[963],[843],[289],[6],[969],[146],[300],[269],[840],[335]
242,[950],[470],[569],[892],[325],[228],[648],[602],[474],[508],[736],[845],[817],[818],[489],[355],[768],[739],[919],[208],[886],[502],[517],[352],[679],[460],[872],[879],[465],[555],[830],[268],[599],[732],[395],[999],[61],[352],[132],[798],[458],[776],[533],[713],[493],[715],[653],[692],[46],[443],[288],[917],[574],[35],[564],[270],[595],[574],[804],[612],[138],[751],[783],[490],[22],[889],[432],[487],[196],[909],[261],[116],[186],[376],[328],[807],[299],[475],[47],[294],[130],[632],[23],[564],[893],[740],[394],[467],[520],[987],[800],[223],[150],[202],[276],[649],[748],[541],[659],[840]
243,[849],[597],[137],[330],[800],[971],[455],[428],[608],[716],[364],[859],[219],[463],[354],[10],[673],[710],[380],[467],[492],[340],[82],[243],[541],[505],[676],[619],[666],[913],[287],[727],[545],[548],[394],[469],[403],[304],[58],[276],[560],[280],[280],[882],[448],[941],[477],[266],[277],[805],[117],[0],[865],[905],[225],[247],[420],[584],[718],[676],[952],[815],[405],[985],[688],[836],[935],[977],[418],[97],[652],[870],[455],[806],[55],[649],[449],[929],[912],[877],[552],[404],[923],[402],[857],[548],[458],[618],[796],[704],[666],[203],[434],[880],[692],[730],[798],[178],[998],[490]
244,[881],[493],[540],[268],[40],[225],[585],[283],[408],[931],[107],[382],[354],[102],[674],[570],[266],[818],[631],[277],[165],[551],[87],[915],[96],[825],[758],[36],[625],[748],[162],[389],[768],[332],[63],[257],[552],[874],[211],[254],[871],[670],[889],[128],[755],[5],[758],[333],[318],[967],[930],[379],[259],[787],[576],[185],[977],[450],[844],[694],[567],[589],[510],[528],[512],[786],[20],[681],[168],[760],[787],[278],[205],[720],[298],[161],[344],[271],[331],[584],[417],[444],[838],[128],[942],[488],[967],[888],[712],[566],[113],[964],[365],[892],[447],[127],[119],[585],[532],[263]
245,[267],[294],[958],[324],[315],[219],[153],[684],[481],[230],[700],[242],[511],[882],[275],[288],[374],[390],[381],[783],[183],[888],[592],[121],[844],[828],[455],[697],[574],[695],[409],[534],[229],[437],[837],[979],[928],[192],[733],[726],[824],[753],[977],[305],[319],[888],[824],[859],[813],[502],[978],[485],[191],[706],[927],[749],[886],[930],[830],[861],[344],[634],[993],[513],[57],[763],[621],[486],[66],[343],[444],[392],[578],[624],[747],[216],[713],[264],[708],[174],[537],[256],[89],[878],[394],[331],[756],[660],[321],[970],[473],[45],[81],[917],[887],[650],[779],[68],[262],[404]
246,[797],[512],[135],[22],[120],[895],[420],[896],[362],[621],[172],[417],[751],[686],[908],[873],[651],[870],[556],[468],[711],[103],[51],[308],[328],[639],[780],[757],[407],[655],[857],[409],[20],[588],[645],[682],[880],[438],[978],[131],[958],[934],[715],[309],[34],[142],[235],[862],[408],[154],[635],[130],[896],[808],[651],[525],[995],[888],[434],[844],[805],[900],[779],[293],[370],[436],[374],[367],[117],[401],[44],[287],[2],[139],[808],[44],[709],[892],[695],[130],[940],[272],[962],[477],[240],[57],[283],[418],[879],[858],[411],[58],[983],[308],[866],[839],[430],[288],[615],[176]
247,[622],[455],[829],[55],[218],[343],[869],[551],[116],[727],[878],[5],[190],[241],[850],[392],[492],[398],[957],[398],[319],[900],[389],[127],[454],[236],[535],[232],[159],[109],[366],[827],[877],[64],[776],[789],[499],[320],[354],[246],[902],[751],[874],[161],[706],[801],[262],[545],[940],[482],[995],[833],[449],[200],[438],[428],[474],[35],[833],[98],[951],[380],[350],[505],[676],[644],[801],[13],[820],[34],[648],[850],[694],[54],[993],[572],[370],[267],[268],[655],[374],[451],[288],[703],[233],[685],[97],[833],[470],[833],[740],[284],[544],[838],[219],[242],[193],[885],[10],[172]
248,[324],[777],[84],[158],[468],[913],[164],[757],[744],[625],[730],[804],[889],[802],[98],[802],[210],[432],[281],[699],[94],[373],[420],[747],[556],[626],[188],[833],[142],[353],[391],[192],[790],[795],[155],[135],[291],[394],[76],[364],[957],[182],[16],[38],[717],[421],[784],[256],[285],[365],[55],[267],[907],[849],[504],[414],[433],[766],[12],[244],[7],[615],[428],[69],[904],[156],[764],[84],[377],[503],[877],[13],[481],[430],[587],[259],[977],[874],[552],[41],[199],[762],[696],[324],[694],[582],[915],[748],[505],[852],[100],[802],[994],[946],[460],[792],[750],[360],[647],[597]
249,[929],[458],[191],[853],[687],[474],[367],[65],[67],[351],[205],[329],[166],[435],[263],[569],[220],[573],[893],[720],[979],[745],[855],[126],[5],[479],[592],[349],[655],[187],[809],[914],[606],[702],[312],[880],[226],[772],[309],[871],[683],[106],[852],[665],[995],[732],[724],[207],[892],[205],[383],[441],[257],[676],[263],[106],[15],[911],[708],[415],[963],[573],[506],[880],[495],[869],[886],[834],[636],[882],[851],[945],[398],[298],[258],[34],[373],[14],[171],[288],[839],[453],[435],[362],[143],[931],[916],[445],[434],[530],[146],[870],[489],[720],[58],[50],[535],[602],[976],[222]
250,[264],[220],[760],[291],[172],[83],[245],[80],[469],[211],[400],[148],[516],[620],[348],[430],[62],[251],[914],[37],[249],[946],[203],[791],[960],[520],[770],[45],[965],[770],[929],[981],[377],[46],[279],[389],[871],[632],[11],[793],[741],[414],[838],[724],[232],[221],[998],[155],[443],[329],[181],[661],[429],[366],[923],[427],[879],[535],[807],[587],[287],[670],[896],[782],[132],[969],[775],[720],[890],[259],[927],[574],[540],[701],[555],[742],[268],[493],[751],[194],[385],[31],[619],[102],[763],[110],[767],[182],[810],[565],[583],[409],[400],[886],[2],[996],[484],[487],[471],[165]
251,[119],[562],[376],[614],[412],[309],[744],[321],[698],[454],[263],[912],[423],[153],[874],[7],[339],[949],[936],[538],[811],[293],[392],[106],[342],[914],[238],[316],[442],[670],[326],[383],[118],[262],[495],[549],[139],[984],[321],[243],[838],[576],[932],[265],[500],[340],[707],[107],[849],[901],[755],[753],[292],[128],[963],[817],[288],[782],[340],[567],[378],[313],[399],[722],[861],[986],[773],[649],[204],[844],[349],[306],[487],[173],[349],[346],[522],[858],[189],[98],[678],[288],[585],[458],[390],[159],[959],[421],[61],[889],[263],[436],[310],[619],[847],[820],[200],[997],[142],[227]
252,[729],[314],[948],[696],[530],[509],[315],[471],[525],[223],[811],[44],[237],[792],[930],[139],[18],[910],[774],[616],[16],[167],[139],[627],[391],[885],[363],[655],[433],[338],[735],[703],[159],[985],[98],[179],[845],[696],[510],[348],[698],[390],[765],[125],[864],[112],[673],[747],[789],[893],[859],[377],[625],[103],[737],[863],[716],[54],[671],[492],[39],[873],[341],[148],[926],[971],[934],[203],[673],[574],[583],[713],[442],[491],[351],[700],[568],[28],[498],[521],[885],[655],[900],[295],[888],[167],[658],[917],[110],[264],[513],[412],[337],[893],[399],[11],[462],[16],[293],[312]
253,[290],[359],[304],[128],[976],[489],[624],[882],[175],[205],[401],[628],[467],[509],[613],[126],[486],[500],[105],[993],[168],[288],[582],[635],[787],[558],[475],[208],[449],[46],[499],[57],[836],[907],[313],[428],[748],[910],[130],[629],[727],[596],[172],[478],[566],[540],[965],[693],[751],[817],[912],[114],[487],[599],[260],[983],[936],[463],[949],[459],[564],[984],[278],[507],[154],[216],[351],[371],[663],[115],[279],[775],[744],[735],[721],[832],[546],[333],[876],[806],[835],[14],[991],[523],[380],[39],[630],[588],[799],[474],[26],[260],[183],[957],[19],[81],[356],[863],[878],[864]
254,[926],[319],[985],[645],[203],[774],[4],[801],[154],[673],[199],[880],[594],[302],[991],[213],[691],[8],[565],[560],[950],[766],[647],[861],[508],[891],[645],[881],[251],[914],[218],[887],[151],[180],[399],[588],[569],[466],[107],[795],[603],[66],[833],[118],[409],[507],[336],[160],[246],[977],[727],[984],[258],[299],[816],[317],[326],[993],[514],[302],[317],[963],[486],[161],[65],[197],[339],[850],[114],[214],[522],[603],[394],[927],[422],[994],[684],[568],[50],[563],[623],[598],[21],[663],[141],[12],[778],[263],[899],[560],[9],[477],[476],[870],[310],[528],[2],[951],[817],[242]
255,[58],[600],[938],[376],[514],[293],[900],[522],[857],[564],[646],[709],[474],[69],[272],[102],[658],[364],[463],[675],[30],[16],[317],[402],[850],[383],[544],[300],[388],[464],[529],[942],[820],[145],[827],[591],[412],[818],[37],[991],[805],[239],[179],[221],[886],[913],[423],[343],[100],[484],[536],[729],[743],[746],[944],[170],[629],[445],[360],[199],[410],[138],[504],[509],[206],[620],[883],[103],[34],[665],[745],[862],[235],[510],[931],[765],[745],[823],[466],[572],[825],[9],[246],[27],[181],[772],[479],[956],[600],[254],[432],[332],[180],[335],[607],[952],[478],[564],[37],[630]
256,[417],[690],[845],[777],[739],[888],[309],[763],[592],[679],[851],[467],[946],[123],[189],[352],[175],[578],[400],[829],[672],[417],[86],[920],[820],[420],[108],[918],[697],[783],[607],[321],[0],[175],[868],[487],[602],[806],[375],[322],[398],[451],[969],[904],[692],[778],[264],[670],[363],[258],[647],[883],[242],[947],[107],[235],[915],[803],[175],[209],[188],[289],[295],[42],[305],[250],[549],[420],[921],[126],[151],[517],[741],[133],[802],[288],[870],[63],[664],[788],[197],[255],[122],[319],[71],[189],[810],[80],[278],[473],[459],[562],[280],[674],[362],[575],[695],[479],[643],[52]
257,[544],[44],[614],[811],[508],[34],[738],[387],[538],[741],[678],[679],[972],[172],[356],[868],[14],[992],[771],[464],[743],[957],[753],[339],[711],[456],[863],[674],[663],[203],[221],[805],[52],[121],[713],[919],[60],[856],[203],[451],[890],[363],[168],[34],[446],[630],[835],[680],[477],[506],[16],[719],[250],[789],[162],[70],[1],[114],[897],[218],[945],[96],[302],[205],[118],[732],[227],[956],[390],[362],[891],[178],[729],[645],[489],[158],[779],[590],[234],[308],[33],[690],[547],[641],[0],[537],[972],[438],[848],[810],[708],[783],[176],[226],[983],[572],[253],[437],[992],[468]
258,[61],[642],[492],[563],[892],[660],[32],[136],[381],[218],[534],[300],[491],[383],[610],[760],[181],[416],[524],[957],[478],[448],[413],[577],[661],[786],[590],[192],[83],[822],[906],[570],[879],[636],[662],[960],[308],[824],[799],[399],[497],[303],[28],[16],[424],[354],[29],[487],[533],[784],[73],[669],[295],[821],[494],[472],[988],[351],[621],[248],[856],[700],[469],[542],[402],[289],[661],[983],[676],[645],[922],[120],[59],[932],[44],[711],[665],[922],[527],[492],[820],[625],[578],[947],[36],[388],[454],[567],[637],[916],[775],[46],[676],[254],[957],[750],[667],[335],[52],[391]
259,[788],[329],[965],[242],[813],[402],[425],[376],[781],[483],[128],[192],[851],[92],[798],[359],[24],[662],[856],[360],[834],[995],[210],[17],[584],[812],[8],[410],[105],[125],[19],[552],[562],[654],[439],[930],[417],[672],[470],[802],[446],[19],[177],[625],[154],[319],[175],[60],[549],[648],[600],[894],[997],[400],[388],[581],[819],[261],[585],[207],[603],[335],[877],[819],[315],[879],[793],[725],[289],[923],[19],[1],[281],[577],[603],[405],[896],[353],[621],[766],[855],[914],[734],[225],[769],[96],[475],[4],[707],[812],[33],[800],[697],[706],[821],[818],[75],[587],[277],[756]
260,[446],[714],[369],[177],[684],[529],[631],[752],[503],[736],[540],[238],[897],[411],[796],[256],[670],[399],[616],[948],[295],[466],[25],[929],[115],[614],[567],[593],[494],[265],[616],[948],[533],[512],[697],[560],[624],[646],[365],[882],[134],[284],[480],[548],[810],[156],[325],[647],[499],[420],[943],[475],[523],[566],[557],[789],[579],[746],[324],[294],[373],[78],[160],[192],[530],[251],[458],[509],[263],[352],[516],[799],[138],[567],[611],[818],[364],[445],[129],[758],[438],[879],[119],[255],[696],[378],[879],[202],[97],[388],[789],[453],[507],[903],[827],[467],[786],[547],[655],[409]
261,[265],[48],[517],[523],[961],[938],[130],[457],[282],[528],[999],[639],[250],[901],[116],[57],[80],[679],[606],[249],[928],[28],[441],[561],[433],[369],[661],[647],[356],[764],[120],[282],[495],[581],[1],[138],[621],[327],[600],[294],[34],[500],[664],[578],[562],[314],[429],[886],[850],[729],[663],[279],[48],[306],[140],[964],[634],[951],[985],[41],[65],[424],[862],[317],[562],[65],[349],[19],[410],[227],[970],[954],[107],[235],[224],[544],[815],[450],[596],[635],[234],[46],[886],[869],[341],[90],[372],[181],[584],[608],[300],[696],[787],[554],[822],[39],[520],[54],[480],[408]
262,[516],[364],[100],[316],[673],[189],[431],[979],[783],[823],[266],[58],[257],[206],[937],[239],[294],[919],[328],[979],[699],[200],[458],[91],[277],[671],[141],[796],[682],[330],[102],[711],[615],[333],[15],[139],[322],[391],[730],[619],[152],[247],[496],[454],[662],[631],[314],[529],[20],[520],[898],[500],[208],[927],[860],[911],[599],[260],[613],[870],[488],[590],[551],[359],[574],[606],[942],[374],[62],[582],[286],[662],[791],[987],[87],[292],[771],[168],[875],[919],[396],[973],[978],[851],[887],[978],[856],[754],[871],[50],[604],[461],[873],[572],[697],[92],[842],[872],[234],[956]
263,[230],[66],[639],[491],[952],[10],[260],[270],[113],[661],[395],[990],[163],[18],[831],[41],[117],[778],[688],[831],[431],[662],[377],[389],[991],[5],[866],[37],[550],[190],[815],[547],[569],[878],[895],[673],[672],[869],[894],[743],[356],[872],[660],[788],[928],[629],[365],[145],[843],[781],[697],[826],[995],[72],[155],[245],[116],[928],[745],[695],[19],[101],[48],[583],[881],[360],[962],[393],[26],[625],[697],[911],[927],[189],[969],[382],[309],[554],[27],[630],[503],[940],[799],[198],[280],[125],[747],[759],[239],[64],[312],[883],[654],[302],[333],[250],[616],[784],[822],[729]
264,[904],[439],[247],[274],[438],[891],[832],[196],[467],[255],[214],[830],[842],[180],[483],[578],[665],[766],[368],[689],[128],[81],[829],[503],[158],[613],[986],[66],[352],[868],[659],[934],[195],[869],[900],[110],[141],[521],[392],[245],[461],[115],[713],[893],[182],[980],[328],[222],[586],[608],[704],[195],[627],[883],[777],[987],[803],[787],[185],[673],[866],[598],[767],[52],[173],[974],[557],[98],[541],[39],[667],[285],[344],[123],[221],[185],[114],[191],[567],[668],[439],[553],[756],[157],[680],[220],[207],[766],[100],[920],[306],[133],[420],[635],[50],[940],[212],[239],[991],[204]
265,[936],[782],[425],[255],[852],[246],[831],[214],[708],[722],[15],[398],[991],[403],[721],[795],[386],[751],[881],[330],[337],[415],[714],[484],[649],[666],[634],[915],[969],[796],[693],[555],[42],[163],[267],[485],[932],[889],[572],[197],[183],[480],[418],[859],[711],[708],[153],[549],[972],[68],[105],[120],[445],[171],[476],[419],[55],[965],[241],[876],[340],[752],[309],[57],[605],[586],[967],[90],[952],[274],[207],[363],[989],[798],[223],[603],[527],[401],[173],[289],[739],[138],[630],[261],[675],[690],[189],[681],[802],[623],[16],[344],[524],[682],[788],[78],[138],[391],[715],[258]
266,[606],[358],[912],[6],[223],[322],[694],[643],[403],[477],[361],[660],[726],[799],[344],[928],[636],[188],[615],[106],[51],[730],[514],[136],[949],[715],[350],[997],[447],[718],[350],[342],[196],[942],[554],[76],[180],[390],[682],[176],[972],[744],[479],[460],[146],[82],[151],[328],[305],[425],[695],[270],[149],[603],[478],[998],[701],[459],[64],[293],[525],[141],[703],[78],[770],[981],[296],[986],[553],[67],[852],[766],[380],[201],[865],[726],[302],[238],[610],[191],[282],[59],[38],[366],[970],[183],[167],[341],[693],[627],[804],[947],[627],[233],[451],[488],[694],[580],[740],[127]
267,[989],[84],[964],[620],[486],[949],[514],[829],[611],[215],[444],[301],[544],[339],[799],[140],[151],[205],[585],[407],[210],[316],[100],[728],[136],[946],[603],[25],[484],[208],[216],[913],[163],[186],[328],[30],[365],[736],[355],[654],[636],[403],[524],[366],[871],[904],[310],[493],[887],[179],[402],[725],[401],[914],[267],[724],[582],[365],[597],[228],[418],[773],[86],[619],[623],[713],[283],[467],[534],[245],[731],[817],[353],[357],[428],[214],[734],[868],[295],[326],[301],[646],[868],[239],[336],[91],[859],[755],[211],[123],[313],[49],[338],[293],[154],[334],[421],[952],[381],[866]
268,[279],[98],[184],[779],[420],[669],[602],[101],[907],[665],[394],[874],[262],[304],[232],[842],[624],[797],[873],[302],[642],[151],[162],[595],[793],[700],[308],[722],[707],[729],[553],[922],[39],[154],[140],[259],[210],[386],[959],[189],[2],[535],[358],[32],[439],[19],[126],[86],[163],[325],[713],[129],[771],[100],[979],[191],[931],[820],[951],[943],[272],[872],[264],[246],[153],[506],[484],[833],[104],[333],[284],[28],[198],[333],[868],[583],[902],[596],[707],[423],[473],[247],[132],[737],[576],[944],[834],[854],[160],[732],[801],[117],[783],[65],[353],[800],[249],[307],[855],[693]
269,[364],[400],[158],[759],[647],[910],[79],[326],[416],[533],[362],[711],[210],[51],[703],[334],[208],[376],[872],[356],[512],[302],[328],[693],[779],[212],[831],[709],[708],[164],[46],[386],[411],[684],[565],[774],[980],[552],[830],[593],[292],[99],[499],[575],[660],[383],[114],[939],[319],[390],[410],[216],[894],[488],[989],[685],[972],[607],[347],[436],[984],[819],[138],[907],[43],[487],[679],[475],[309],[713],[437],[489],[966],[457],[558],[656],[759],[221],[757],[978],[891],[302],[430],[209],[686],[919],[729],[510],[588],[335],[592],[705],[249],[569],[542],[735],[575],[52],[550],[353]
270,[746],[345],[533],[493],[694],[150],[143],[701],[431],[928],[536],[452],[930],[354],[153],[670],[920],[267],[113],[574],[214],[296],[376],[831],[339],[560],[185],[163],[150],[327],[869],[754],[871],[607],[205],[144],[360],[503],[516],[258],[519],[595],[955],[600],[363],[257],[871],[419],[605],[864],[708],[301],[275],[598],[275],[358],[949],[661],[438],[250],[192],[177],[221],[46],[832],[136],[778],[308],[965],[135],[179],[868],[899],[799],[180],[949],[503],[825],[590],[605],[587],[712],[809],[40],[876],[482],[73],[934],[726],[205],[20],[381],[529],[43],[255],[80],[925],[978],[184],[590]
271,[246],[120],[942],[526],[615],[335],[822],[178],[884],[146],[378],[693],[654],[325],[103],[746],[238],[276],[822],[300],[994],[94],[453],[51],[350],[907],[168],[136],[733],[678],[137],[237],[696],[596],[420],[83],[523],[482],[654],[154],[267],[688],[299],[615],[405],[258],[349],[540],[965],[550],[771],[748],[518],[54],[78],[199],[402],[497],[813],[951],[478],[672],[2],[367],[183],[656],[973],[658],[710],[716],[870],[312],[149],[138],[764],[134],[467],[249],[730],[775],[430],[104],[271],[923],[544],[584],[624],[353],[179],[715],[978],[674],[273],[467],[412],[785],[712],[789],[564],[539]
272,[656],[65],[888],[627],[740],[471],[562],[230],[600],[55],[713],[173],[908],[442],[454],[696],[407],[657],[321],[108],[717],[599],[305],[724],[647],[522],[644],[628],[384],[838],[163],[847],[609],[485],[214],[342],[562],[619],[383],[335],[622],[507],[603],[953],[670],[134],[121],[281],[12],[680],[519],[75],[919],[902],[446],[576],[854],[200],[379],[858],[868],[465],[142],[250],[449],[688],[805],[662],[243],[26],[750],[832],[591],[527],[922],[46],[231],[621],[219],[373],[596],[432],[138],[241],[378],[434],[739],[837],[380],[65],[528],[955],[91],[303],[993],[631],[16],[745],[691],[697]
273,[862],[492],[768],[787],[182],[993],[46],[985],[930],[786],[500],[138],[720],[878],[448],[413],[722],[961],[643],[775],[45],[44],[177],[962],[741],[97],[382],[476],[175],[963],[719],[952],[380],[414],[606],[13],[272],[813],[168],[13],[483],[438],[579],[528],[157],[277],[696],[64],[211],[99],[371],[921],[776],[988],[630],[153],[607],[170],[323],[482],[684],[673],[407],[657],[399],[607],[91],[271],[347],[260],[150],[436],[733],[774],[70],[173],[147],[242],[741],[522],[362],[740],[245],[640],[458],[564],[57],[265],[833],[415],[137],[523],[284],[370],[328],[454],[878],[321],[366],[543]
274,[495],[672],[745],[373],[549],[366],[544],[880],[817],[940],[188],[209],[874],[789],[916],[939],[423],[798],[158],[484],[884],[145],[622],[905],[855],[492],[274],[477],[438],[272],[913],[629],[741],[386],[391],[507],[294],[55],[930],[911],[240],[917],[859],[361],[879],[998],[712],[417],[798],[399],[992],[346],[598],[173],[169],[479],[906],[242],[747],[821],[207],[270],[432],[199],[621],[204],[544],[132],[947],[374],[229],[646],[688],[802],[143],[108],[88],[861],[195],[716],[398],[489],[955],[361],[33],[570],[435],[909],[173],[13],[830],[868],[672],[831],[844],[351],[482],[893],[405],[925]
275,[602],[587],[668],[605],[971],[711],[159],[470],[214],[425],[157],[460],[530],[298],[56],[744],[818],[821],[977],[920],[687],[333],[309],[144],[923],[783],[6],[591],[93],[496],[729],[679],[853],[210],[732],[433],[737],[837],[892],[341],[705],[179],[542],[961],[78],[730],[999],[743],[195],[664],[933],[483],[11],[217],[432],[5],[506],[160],[756],[958],[614],[381],[538],[614],[702],[295],[525],[869],[48],[335],[419],[970],[155],[408],[773],[571],[677],[958],[242],[847],[525],[379],[936],[785],[816],[854],[310],[613],[441],[962],[850],[751],[19],[315],[680],[485],[912],[1],[109],[298]
276,[427],[623],[150],[609],[415],[935],[178],[642],[519],[666],[555],[673],[879],[915],[271],[358],[196],[370],[429],[813],[477],[258],[281],[405],[155],[384],[4],[367],[575],[420],[209],[195],[488],[49],[52],[93],[142],[888],[165],[520],[119],[614],[65],[293],[38],[779],[162],[614],[734],[669],[868],[237],[160],[450],[966],[829],[925],[565],[764],[887],[804],[727],[536],[719],[589],[173],[299],[330],[68],[710],[923],[902],[165],[251],[534],[334],[579],[92],[508],[19],[765],[12],[327],[660],[277],[821],[387],[472],[776],[220],[717],[301],[668],[679],[991],[816],[309],[355],[964],[76]
277,[877],[541],[990],[989],[750],[798],[257],[226],[301],[244],[516],[140],[243],[399],[63],[421],[228],[456],[941],[455],[514],[667],[521],[981],[500],[20],[484],[894],[914],[739],[863],[835],[431],[95],[154],[169],[435],[687],[802],[32],[749],[697],[392],[966],[339],[97],[631],[880],[879],[100],[132],[851],[833],[93],[266],[631],[855],[797],[936],[429],[397],[520],[734],[343],[362],[44],[436],[718],[791],[62],[577],[470],[739],[879],[402],[704],[581],[392],[408],[762],[989],[976],[450],[879],[397],[393],[626],[411],[598],[907],[649],[262],[219],[419],[665],[240],[702],[201],[568],[915]
278,[693],[397],[446],[749],[111],[511],[810],[48],[521],[28],[643],[989],[507],[72],[806],[636],[764],[672],[53],[703],[602],[554],[90],[285],[425],[333],[904],[172],[426],[263],[772],[707],[638],[455],[230],[534],[508],[333],[884],[596],[80],[218],[229],[418],[484],[212],[434],[805],[531],[327],[174],[764],[166],[186],[742],[918],[791],[345],[59],[166],[844],[506],[340],[436],[526],[191],[996],[152],[379],[988],[193],[628],[849],[992],[797],[245],[335],[255],[407],[261],[996],[984],[870],[308],[886],[139],[813],[112],[272],[188],[55],[51],[636],[60],[569],[128],[885],[524],[792],[371]
279,[890],[307],[325],[551],[379],[112],[501],[110],[73],[66],[476],[906],[66],[317],[265],[245],[110],[99],[151],[975],[581],[549],[124],[942],[899],[194],[543],[108],[898],[664],[67],[365],[572],[560],[202],[740],[267],[108],[628],[366],[463],[488],[411],[185],[606],[563],[946],[15],[648],[997],[227],[331],[756],[69],[976],[116],[170],[971],[890],[147],[454],[795],[426],[221],[735],[994],[190],[193],[721],[110],[352],[848],[654],[467],[782],[891],[394],[812],[59],[723],[201],[15],[127],[368],[164],[746],[883],[724],[201],[986],[42],[719],[658],[280],[741],[741],[15],[919],[294],[82]
280,[23],[459],[99],[562],[199],[736],[635],[349],[170],[104],[38],[884],[363],[400],[971],[316],[560],[823],[926],[420],[266],[388],[591],[749],[748],[114],[950],[827],[722],[103],[999],[864],[15],[85],[816],[424],[584],[82],[101],[340],[213],[701],[840],[546],[445],[150],[979],[679],[250],[243],[37],[618],[335],[29],[136],[866],[471],[676],[109],[878],[739],[909],[393],[843],[93],[737],[401],[327],[858],[797],[235],[997],[557],[417],[619],[897],[933],[966],[701],[661],[3],[691],[849],[399],[958],[338],[977],[427],[808],[848],[735],[339],[187],[852],[493],[352],[493],[543],[726],[818]
281,[527],[222],[409],[154],[565],[371],[683],[189],[271],[723],[494],[857],[495],[150],[442],[887],[443],[874],[338],[448],[783],[869],[195],[951],[324],[443],[478],[646],[927],[873],[640],[232],[978],[436],[508],[677],[251],[783],[20],[900],[979],[116],[346],[585],[688],[970],[715],[462],[306],[37],[869],[26],[214],[583],[569],[816],[398],[818],[790],[792],[851],[396],[832],[948],[56],[116],[698],[343],[944],[980],[610],[313],[204],[872],[599],[360],[195],[90],[338],[582],[703],[218],[954],[767],[852],[53],[893],[281],[215],[114],[772],[588],[675],[871],[270],[201],[232],[680],[316],[960]
282,[564],[152],[318],[953],[810],[875],[77],[413],[639],[869],[810],[862],[744],[817],[593],[60],[476],[57],[462],[512],[338],[550],[198],[535],[345],[748],[979],[987],[719],[238],[780],[187],[970],[582],[915],[501],[650],[411],[81],[676],[245],[338],[29],[363],[838],[117],[45],[762],[43],[646],[187],[428],[599],[943],[322],[344],[214],[947],[664],[380],[156],[210],[557],[871],[353],[923],[694],[333],[975],[327],[830],[165],[952],[442],[975],[400],[342],[754],[586],[276],[730],[452],[674],[944],[562],[400],[687],[918],[138],[865],[429],[701],[601],[9],[512],[856],[741],[281],[941],[748]
283,[821],[246],[899],[264],[330],[317],[84],[659],[200],[652],[74],[979],[771],[394],[650],[816],[728],[84],[704],[547],[231],[778],[567],[927],[709],[371],[481],[583],[990],[977],[199],[457],[238],[148],[460],[995],[884],[566],[438],[97],[301],[992],[560],[354],[286],[102],[495],[770],[437],[800],[380],[637],[559],[70],[597],[456],[897],[3],[415],[790],[415],[847],[537],[217],[850],[299],[859],[0],[603],[384],[96],[412],[384],[96],[740],[634],[562],[47],[932],[456],[586],[904],[858],[175],[18],[914],[402],[873],[664],[173],[984],[530],[423],[717],[36],[423],[453],[422],[591],[902]
284,[572],[473],[624],[7],[334],[285],[596],[822],[306],[89],[901],[465],[397],[376],[507],[686],[611],[854],[850],[386],[881],[993],[673],[916],[852],[199],[178],[464],[609],[391],[807],[947],[709],[166],[987],[531],[757],[268],[266],[489],[207],[653],[823],[981],[725],[726],[592],[58],[88],[679],[375],[561],[570],[779],[460],[934],[379],[682],[82],[571],[770],[316],[582],[837],[497],[674],[391],[63],[122],[313],[828],[472],[764],[497],[752],[896],[611],[436],[639],[149],[231],[705],[99],[565],[604],[814],[256],[228],[255],[119],[165],[981],[730],[861],[972],[160],[344],[593],[929],[149]
285,[174],[468],[773],[370],[829],[284],[224],[345],[401],[268],[843],[43],[381],[381],[166],[88],[347],[22],[841],[953],[899],[834],[613],[163],[246],[884],[750],[703],[492],[634],[797],[762],[917],[271],[123],[69],[288],[338],[653],[930],[547],[796],[827],[456],[813],[477],[802],[686],[112],[512],[940],[131],[421],[675],[617],[780],[98],[370],[244],[350],[795],[213],[555],[176],[781],[382],[433],[377],[354],[123],[291],[792],[997],[372],[362],[682],[56],[382],[438],[786],[639],[483],[781],[194],[285],[422],[683],[108],[287],[604],[58],[131],[234],[662],[506],[114],[997],[591],[61],[764]
286,[322],[378],[707],[672],[336],[17],[956],[181],[43],[689],[854],[402],[76],[266],[942],[398],[234],[264],[920],[747],[939],[349],[927],[4],[424],[851],[753],[203],[783],[69],[288],[578],[874],[82],[641],[937],[327],[598],[814],[498],[60],[444],[567],[10],[808],[679],[67],[626],[536],[458],[222],[828],[722],[545],[147],[826],[714],[315],[198],[728],[245],[731],[80],[821],[130],[102],[72],[528],[573],[791],[50],[830],[913],[104],[120],[165],[179],[620],[786],[97],[279],[243],[707],[908],[288],[11],[159],[727],[339],[324],[353],[194],[331],[511],[48],[762],[887],[245],[284],[792]
287,[133],[856],[893],[498],[913],[541],[256],[539],[524],[358],[590],[982],[952],[989],[510],[772],[523],[275],[586],[967],[408],[150],[135],[343],[486],[601],[193],[153],[429],[241],[545],[236],[943],[660],[968],[586],[721],[93],[382],[878],[142],[760],[217],[735],[402],[133],[670],[605],[240],[395],[141],[546],[284],[337],[878],[375],[194],[198],[461],[957],[880],[126],[234],[198],[15],[584],[990],[397],[583],[535],[166],[71],[771],[722],[501],[917],[934],[485],[783],[398],[801],[950],[407],[278],[598],[567],[960],[738],[972],[125],[192],[466],[817],[271],[794],[67],[341],[741],[876],[857]
288,[293],[56],[310],[656],[537],[326],[296],[237],[777],[316],[288],[697],[782],[193],[731],[478],[952],[357],[419],[478],[924],[227],[852],[568],[972],[918],[635],[150],[200],[371],[792],[686],[390],[292],[21],[249],[793],[866],[317],[717],[801],[745],[625],[66],[552],[475],[511],[872],[978],[368],[425],[783],[541],[736],[558],[675],[102],[752],[980],[631],[472],[111],[216],[153],[285],[676],[627],[874],[639],[812],[908],[59],[951],[566],[267],[110],[775],[897],[747],[500],[902],[926],[824],[418],[393],[367],[444],[98],[720],[46],[155],[642],[969],[854],[452],[453],[44],[722],[130],[486]
289,[284],[783],[420],[208],[403],[612],[987],[982],[47],[739],[527],[11],[82],[701],[605],[757],[575],[144],[276],[257],[163],[886],[132],[601],[873],[302],[545],[323],[993],[70],[66],[318],[942],[887],[315],[997],[36],[966],[895],[682],[198],[873],[145],[467],[88],[932],[119],[9],[693],[959],[171],[700],[694],[740],[804],[54],[635],[618],[630],[629],[395],[234],[54],[694],[619],[583],[587],[434],[614],[136],[629],[892],[581],[518],[523],[741],[631],[699],[921],[327],[87],[339],[893],[96],[698],[122],[704],[46],[932],[240],[845],[325],[564],[836],[647],[769],[282],[503],[843],[964]
290,[555],[874],[776],[336],[679],[825],[487],[473],[410],[106],[317],[604],[479],[867],[639],[275],[922],[117],[208],[34],[384],[22],[506],[867],[84],[883],[31],[883],[174],[74],[472],[983],[129],[182],[476],[104],[588],[878],[553],[141],[86],[860],[343],[492],[86],[363],[13],[944],[861],[877],[608],[909],[22],[567],[787],[441],[449],[882],[242],[412],[589],[685],[397],[441],[513],[224],[729],[942],[341],[512],[288],[452],[218],[770],[677],[889],[747],[15],[255],[580],[682],[995],[701],[364],[274],[289],[44],[496],[381],[310],[144],[316],[402],[958],[976],[479],[451],[304],[749],[343]
291,[189],[924],[472],[515],[501],[387],[392],[419],[166],[449],[754],[647],[386],[816],[406],[917],[931],[924],[613],[625],[99],[104],[507],[992],[287],[864],[345],[112],[95],[980],[923],[28],[940],[889],[208],[503],[694],[143],[850],[609],[880],[108],[117],[643],[577],[662],[259],[82],[670],[106],[311],[757],[640],[556],[619],[445],[221],[949],[205],[742],[848],[901],[420],[853],[537],[929],[222],[575],[304],[432],[300],[759],[689],[754],[188],[998],[333],[735],[629],[179],[296],[630],[185],[540],[834],[936],[715],[486],[1],[338],[512],[994],[319],[136],[492],[868],[977],[540],[844],[446]
292,[166],[841],[328],[934],[38],[982],[88],[148],[372],[713],[911],[489],[271],[447],[93],[482],[263],[450],[165],[111],[529],[389],[998],[325],[892],[481],[907],[387],[86],[850],[841],[271],[211],[763],[890],[564],[776],[284],[672],[390],[254],[862],[673],[925],[579],[898],[779],[221],[102],[2],[78],[965],[5],[270],[238],[117],[243],[125],[889],[280],[638],[767],[716],[565],[636],[441],[462],[902],[257],[102],[37],[554],[565],[876],[542],[321],[778],[616],[984],[61],[813],[224],[783],[502],[594],[197],[203],[532],[454],[854],[171],[100],[934],[851],[115],[102],[562],[9],[987],[906]
293,[46],[187],[932],[478],[680],[905],[86],[587],[819],[583],[283],[558],[40],[62],[738],[630],[413],[497],[249],[787],[708],[435],[815],[517],[730],[488],[663],[602],[520],[223],[714],[919],[723],[793],[513],[794],[701],[204],[652],[317],[776],[281],[513],[971],[183],[87],[548],[313],[654],[526],[850],[151],[684],[65],[54],[745],[66],[203],[301],[838],[112],[108],[987],[921],[976],[337],[956],[427],[90],[164],[103],[642],[867],[441],[547],[370],[270],[499],[201],[321],[74],[560],[212],[931],[156],[80],[226],[75],[417],[639],[247],[362],[598],[994],[687],[487],[734],[465],[652],[598]
294,[14],[891],[344],[534],[572],[267],[187],[627],[57],[698],[909],[591],[911],[578],[52],[13],[524],[882],[459],[98],[472],[407],[871],[813],[79],[311],[823],[850],[387],[536],[658],[443],[574],[453],[72],[465],[803],[245],[709],[569],[221],[519],[128],[411],[758],[592],[408],[933],[453],[921],[831],[56],[35],[853],[650],[174],[114],[728],[346],[505],[792],[540],[550],[11],[218],[755],[482],[27],[770],[614],[593],[779],[750],[898],[208],[362],[521],[768],[13],[791],[560],[719],[772],[490],[365],[186],[328],[10],[661],[596],[833],[678],[131],[907],[200],[72],[98],[66],[97],[215]
295,[966],[607],[362],[62],[287],[724],[843],[335],[926],[7],[923],[487],[529],[528],[748],[549],[939],[334],[630],[965],[701],[882],[248],[646],[963],[44],[232],[612],[191],[895],[562],[691],[71],[931],[116],[5],[127],[32],[145],[752],[262],[469],[125],[991],[944],[64],[529],[599],[577],[698],[91],[955],[472],[50],[741],[326],[606],[331],[51],[758],[635],[143],[758],[351],[270],[597],[403],[45],[493],[845],[226],[737],[284],[865],[73],[375],[881],[536],[79],[817],[579],[959],[109],[431],[642],[796],[224],[476],[526],[857],[696],[528],[190],[950],[298],[752],[377],[584],[335],[2]
296,[457],[165],[329],[618],[495],[56],[819],[239],[967],[193],[772],[160],[401],[79],[262],[548],[767],[545],[93],[31],[427],[805],[463],[711],[880],[401],[849],[613],[919],[937],[3],[676],[117],[519],[699],[985],[843],[567],[443],[196],[631],[248],[137],[742],[572],[621],[723],[917],[594],[76],[654],[231],[274],[577],[490],[542],[319],[241],[796],[138],[578],[74],[997],[724],[837],[546],[693],[339],[923],[287],[691],[16],[255],[113],[871],[803],[181],[563],[325],[538],[869],[209],[155],[454],[621],[100],[193],[797],[209],[524],[159],[697],[34],[707],[448],[512],[405],[612],[905],[24]
297,[305],[283],[780],[795],[5],[264],[555],[421],[239],[691],[358],[486],[521],[682],[171],[82],[89],[660],[558],[238],[709],[124],[845],[662],[651],[572],[703],[80],[658],[428],[363],[903],[175],[492],[922],[614],[764],[307],[464],[193],[257],[779],[258],[843],[515],[329],[862],[8],[611],[559],[852],[738],[467],[472],[835],[929],[165],[887],[361],[285],[973],[64],[368],[336],[8],[481],[486],[909],[539],[559],[635],[177],[740],[746],[217],[982],[445],[722],[247],[945],[208],[420],[612],[724],[433],[980],[690],[379],[472],[688],[602],[654],[562],[457],[562],[327],[348],[509],[487],[666]
298,[426],[78],[608],[105],[550],[770],[636],[704],[545],[556],[265],[814],[884],[340],[177],[734],[904],[257],[68],[168],[193],[492],[128],[956],[83],[866],[118],[280],[257],[881],[936],[674],[733],[542],[40],[835],[67],[565],[67],[606],[750],[421],[171],[648],[581],[1],[416],[817],[546],[674],[246],[692],[632],[114],[928],[488],[60],[857],[372],[850],[900],[273],[750],[126],[54],[789],[723],[537],[316],[159],[826],[17],[86],[672],[943],[81],[153],[165],[99],[915],[950],[258],[97],[474],[382],[682],[230],[524],[838],[178],[156],[586],[57],[343],[727],[802],[686],[799],[307],[584]
299,[967],[343],[851],[870],[570],[880],[6],[118],[466],[706],[14],[775],[127],[461],[837],[124],[662],[442],[203],[969],[800],[761],[639],[435],[583],[174],[482],[70],[634],[565],[572],[541],[866],[709],[81],[160],[483],[573],[301],[627],[8],[0],[920],[651],[175],[716],[508],[355],[263],[125],[197],[526],[463],[63],[736],[190],[248],[451],[228],[504],[27],[955],[910],[818],[745],[165],[331],[24],[863],[291],[538],[326],[980],[122],[657],[915],[657],[901],[733],[51],[685],[116],[141],[647],[215],[967],[388],[218],[419],[248],[526],[373],[282],[443],[350],[825],[45],[549],[524],[924]
300,[986],[34],[373],[348],[522],[697],[219],[452],[418],[660],[866],[18],[427],[321],[402],[611],[776],[437],[531],[592],[501],[986],[990],[822],[798],[116],[194],[254],[33],[623],[150],[107],[554],[242],[456],[825],[883],[946],[173],[431],[536],[349],[521],[590],[313],[657],[462],[879],[616],[742],[321],[176],[775],[15],[18],[380],[448],[82],[670],[1],[599],[243],[367],[24],[23],[594],[678],[497],[661],[273],[581],[480],[183],[415],[215],[843],[94],[759],[421],[720],[760],[435],[566],[24],[446],[444],[660],[543],[945],[601],[786],[248],[376],[526],[640],[30],[103],[406],[559],[531]
301,[204],[720],[44],[482],[765],[13],[958],[21],[631],[239],[346],[290],[587],[45],[929],[650],[358],[132],[618],[739],[756],[1],[646],[312],[776],[683],[756],[376],[922],[35],[748],[598],[189],[481],[752],[6],[797],[115],[144],[422],[239],[651],[970],[440],[203],[227],[497],[595],[807],[907],[539],[773],[405],[234],[367],[241],[989],[573],[489],[29],[760],[507],[194],[578],[767],[817],[913],[783],[24],[636],[831],[230],[193],[262],[98],[283],[123],[157],[137],[91],[98],[922],[568],[270],[706],[321],[98],[743],[403],[767],[820],[841],[751],[73],[780],[188],[760],[544],[396],[189]
302,[983],[884],[401],[572],[6],[313],[547],[711],[389],[70],[22],[670],[398],[55],[407],[473],[398],[320],[694],[927],[956],[977],[178],[553],[673],[243],[355],[175],[176],[523],[548],[441],[476],[346],[615],[197],[452],[133],[205],[68],[550],[210],[491],[515],[163],[370],[590],[195],[170],[543],[609],[511],[466],[715],[133],[641],[17],[672],[884],[564],[14],[805],[249],[48],[568],[822],[515],[436],[737],[650],[740],[121],[185],[474],[880],[320],[440],[601],[218],[354],[806],[757],[146],[533],[740],[242],[121],[213],[327],[892],[245],[226],[566],[942],[624],[776],[655],[302],[675],[305]
303,[492],[958],[317],[395],[660],[355],[123],[942],[336],[375],[26],[677],[692],[131],[41],[773],[678],[894],[51],[654],[461],[308],[40],[888],[851],[874],[438],[546],[852],[118],[655],[878],[172],[507],[286],[923],[305],[62],[606],[351],[633],[465],[472],[513],[719],[722],[498],[339],[604],[852],[397],[676],[538],[934],[574],[503],[167],[88],[135],[241],[299],[13],[102],[327],[63],[220],[865],[560],[699],[643],[65],[833],[588],[212],[276],[464],[811],[826],[296],[146],[381],[131],[491],[967],[377],[511],[621],[772],[494],[421],[53],[140],[981],[385],[379],[950],[859],[331],[914],[380]
304,[871],[402],[520],[197],[796],[643],[903],[116],[657],[312],[253],[69],[302],[834],[106],[957],[225],[290],[507],[542],[401],[205],[631],[472],[219],[317],[186],[128],[509],[659],[677],[660],[619],[487],[703],[237],[19],[846],[196],[174],[524],[258],[199],[694],[482],[144],[752],[423],[701],[268],[287],[648],[400],[201],[938],[801],[976],[43],[85],[225],[777],[402],[252],[809],[706],[169],[89],[453],[454],[50],[131],[302],[377],[698],[8],[851],[453],[558],[541],[142],[932],[215],[646],[876],[58],[443],[975],[299],[644],[481],[457],[803],[71],[824],[351],[133],[782],[204],[951],[781]
305,[514],[472],[532],[796],[273],[425],[27],[931],[823],[398],[655],[851],[121],[914],[727],[93],[932],[527],[18],[116],[705],[533],[770],[60],[25],[444],[501],[251],[330],[39],[761],[783],[631],[825],[880],[966],[818],[547],[232],[533],[708],[39],[388],[491],[584],[847],[239],[920],[336],[579],[176],[754],[647],[431],[764],[814],[816],[948],[289],[393],[411],[425],[804],[393],[500],[569],[901],[392],[312],[638],[302],[257],[327],[254],[114],[32],[772],[422],[880],[479],[585],[358],[272],[478],[172],[171],[973],[183],[363],[532],[589],[896],[617],[106],[386],[566],[8],[28],[428],[617]
306,[809],[677],[152],[180],[518],[312],[892],[187],[899],[455],[847],[527],[987],[364],[109],[678],[278],[676],[623],[410],[579],[262],[939],[77],[768],[538],[951],[295],[759],[488],[40],[855],[44],[38],[639],[687],[121],[873],[976],[441],[281],[206],[430],[529],[143],[234],[87],[28],[982],[59],[957],[646],[182],[908],[72],[269],[522],[90],[606],[893],[18],[772],[4],[353],[59],[36],[858],[109],[457],[29],[912],[677],[936],[445],[968],[170],[495],[717],[456],[693],[137],[130],[63],[374],[467],[111],[794],[314],[326],[775],[477],[320],[641],[224],[147],[842],[529],[989],[160],[482]
307,[241],[461],[0],[269],[151],[568],[200],[468],[471],[929],[729],[757],[924],[851],[94],[823],[832],[541],[518],[120],[346],[503],[60],[777],[254],[281],[313],[235],[605],[674],[347],[846],[829],[572],[523],[282],[234],[381],[223],[365],[448],[924],[873],[131],[62],[143],[785],[707],[897],[314],[509],[573],[372],[592],[160],[660],[478],[446],[904],[723],[839],[932],[415],[54],[829],[904],[148],[300],[351],[668],[811],[739],[431],[524],[804],[135],[464],[904],[985],[389],[781],[974],[806],[462],[965],[598],[588],[550],[876],[461],[217],[507],[458],[613],[582],[397],[876],[795],[919],[173]
308,[833],[645],[28],[519],[587],[307],[263],[304],[276],[601],[415],[560],[289],[345],[257],[950],[701],[114],[447],[503],[458],[321],[593],[481],[464],[36],[126],[547],[794],[574],[794],[329],[525],[537],[534],[439],[593],[321],[934],[565],[157],[52],[275],[829],[455],[929],[287],[621],[341],[342],[313],[214],[959],[460],[277],[452],[678],[246],[308],[385],[970],[885],[521],[102],[545],[582],[735],[345],[285],[128],[456],[241],[846],[585],[149],[386],[402],[541],[346],[503],[378],[843],[563],[577],[500],[328],[19],[7],[391],[903],[180],[506],[136],[912],[763],[112],[101],[946],[199],[415]
309,[718],[454],[695],[510],[671],[394],[345],[216],[589],[3],[733],[89],[418],[848],[828],[404],[345],[112],[686],[753],[159],[246],[831],[268],[667],[857],[833],[65],[38],[832],[884],[260],[93],[860],[259],[826],[537],[537],[818],[362],[286],[566],[573],[51],[181],[724],[136],[839],[503],[280],[714],[199],[315],[45],[692],[397],[659],[68],[601],[375],[370],[561],[749],[767],[323],[141],[946],[786],[981],[852],[836],[195],[513],[170],[822],[256],[207],[773],[604],[876],[598],[282],[831],[538],[119],[363],[350],[220],[228],[67],[437],[619],[95],[80],[271],[339],[615],[969],[939],[488]
310,[383],[369],[874],[387],[655],[914],[618],[95],[646],[663],[863],[222],[10],[213],[72],[173],[323],[111],[243],[198],[131],[945],[26],[939],[559],[157],[598],[734],[162],[473],[94],[945],[253],[938],[515],[85],[118],[437],[663],[40],[692],[624],[569],[20],[835],[259],[646],[790],[625],[806],[326],[938],[575],[427],[94],[468],[743],[701],[898],[186],[591],[883],[123],[209],[390],[565],[230],[46],[183],[89],[227],[501],[333],[904],[299],[436],[218],[539],[375],[619],[323],[100],[413],[752],[440],[742],[307],[485],[658],[797],[392],[555],[436],[753],[531],[293],[278],[137],[87],[711]
311,[690],[506],[143],[995],[434],[263],[491],[884],[492],[747],[13],[70],[458],[6],[191],[558],[168],[418],[484],[962],[308],[177],[304],[887],[196],[23],[582],[340],[66],[267],[862],[116],[961],[631],[810],[954],[133],[666],[417],[230],[202],[47],[248],[424],[646],[282],[926],[0],[692],[328],[23],[854],[857],[515],[951],[22],[300],[236],[676],[990],[917],[405],[752],[498],[738],[948],[768],[212],[478],[142],[939],[76],[695],[496],[945],[284],[832],[161],[51],[626],[740],[374],[837],[19],[303],[84],[505],[912],[322],[913],[579],[686],[942],[223],[138],[925],[424],[556],[695],[245]
312,[52],[371],[180],[14],[859],[606],[524],[519],[439],[352],[535],[877],[819],[402],[982],[610],[758],[126],[189],[236],[552],[337],[907],[800],[658],[930],[353],[486],[480],[940],[298],[404],[194],[37],[727],[852],[438],[605],[732],[240],[686],[518],[34],[519],[845],[714],[885],[606],[446],[432],[924],[190],[608],[793],[220],[334],[745],[179],[427],[392],[633],[609],[339],[910],[628],[940],[243],[880],[50],[984],[964],[933],[517],[163],[794],[910],[717],[1],[224],[854],[751],[886],[869],[605],[681],[573],[516],[501],[550],[746],[230],[730],[69],[570],[868],[336],[718],[143],[233],[338]
313,[195],[133],[536],[841],[43],[332],[503],[983],[407],[647],[290],[557],[57],[822],[797],[778],[42],[563],[782],[339],[379],[639],[425],[891],[77],[991],[741],[979],[101],[422],[453],[873],[887],[653],[25],[652],[903],[21],[899],[358],[137],[875],[81],[61],[890],[997],[982],[63],[847],[437],[733],[923],[303],[996],[832],[433],[833],[922],[721],[514],[422],[839],[613],[233],[288],[178],[81],[958],[628],[402],[438],[512],[636],[348],[337],[811],[623],[513],[64],[104],[931],[918],[217],[61],[270],[829],[537],[625],[305],[433],[239],[650],[985],[986],[146],[914],[250],[388],[917],[769]
314,[742],[163],[500],[484],[582],[987],[266],[244],[881],[764],[396],[373],[388],[749],[353],[638],[905],[24],[273],[357],[475],[811],[846],[650],[370],[477],[338],[969],[738],[928],[758],[651],[392],[150],[918],[797],[414],[431],[870],[769],[427],[427],[201],[302],[918],[218],[738],[951],[895],[851],[75],[394],[412],[643],[315],[549],[639],[235],[425],[628],[382],[205],[631],[777],[214],[74],[385],[616],[994],[284],[275],[294],[618],[296],[449],[487],[764],[289],[960],[467],[194],[636],[68],[914],[236],[887],[2],[866],[723],[755],[964],[644],[130],[978],[59],[718],[323],[598],[702],[281]
315,[239],[172],[523],[607],[642],[362],[73],[275],[943],[767],[392],[785],[850],[675],[503],[214],[770],[618],[999],[303],[765],[588],[474],[104],[381],[724],[103],[739],[839],[98],[723],[359],[371],[815],[413],[710],[442],[738],[103],[73],[72],[35],[255],[468],[611],[597],[726],[719],[281],[379],[160],[122],[367],[497],[196],[887],[299],[983],[483],[706],[180],[196],[959],[901],[824],[23],[891],[396],[720],[6],[251],[544],[127],[88],[377],[82],[620],[803],[406],[794],[50],[662],[511],[553],[403],[302],[954],[99],[304],[26],[67],[561],[968],[906],[76],[83],[961],[96],[2],[45]
316,[688],[413],[857],[311],[175],[491],[206],[920],[768],[400],[787],[646],[36],[890],[590],[147],[854],[937],[455],[952],[599],[835],[228],[313],[592],[94],[967],[542],[853],[306],[299],[202],[422],[689],[829],[68],[461],[571],[295],[779],[129],[188],[55],[268],[723],[531],[945],[579],[816],[67],[982],[315],[1],[281],[8],[370],[280],[471],[821],[360],[457],[761],[754],[510],[831],[63],[166],[6],[73],[578],[87],[946],[715],[483],[979],[812],[189],[64],[464],[571],[493],[197],[601],[10],[693],[506],[120],[355],[638],[517],[798],[515],[560],[204],[932],[838],[100],[965],[103],[560]
317,[406],[885],[156],[120],[432],[601],[28],[645],[668],[669],[861],[694],[425],[713],[426],[302],[11],[444],[796],[137],[940],[616],[36],[254],[863],[777],[23],[250],[560],[967],[975],[251],[454],[369],[701],[271],[848],[266],[564],[488],[500],[377],[972],[704],[399],[244],[23],[646],[153],[376],[14],[320],[194],[224],[710],[803],[413],[416],[321],[27],[493],[602],[289],[474],[908],[479],[478],[715],[139],[519],[405],[449],[482],[477],[912],[73],[348],[192],[355],[739],[974],[622],[112],[292],[521],[540],[80],[439],[259],[326],[937],[178],[40],[540],[877],[100],[673],[517],[275],[95]
318,[807],[573],[856],[557],[380],[539],[99],[677],[303],[488],[137],[780],[519],[446],[906],[69],[978],[230],[758],[942],[966],[905],[477],[56],[619],[130],[540],[224],[888],[235],[631],[455],[588],[319],[377],[713],[170],[986],[697],[125],[764],[341],[911],[117],[741],[596],[454],[640],[89],[416],[85],[109],[389],[926],[836],[234],[133],[139],[945],[927],[273],[441],[448],[89],[171],[309],[628],[508],[92],[326],[651],[289],[770],[12],[527],[762],[798],[150],[400],[610],[862],[119],[236],[184],[648],[360],[653],[581],[885],[728],[12],[80],[648],[150],[220],[319],[739],[798],[782],[424]
319,[731],[497],[908],[849],[405],[393],[756],[328],[921],[203],[209],[953],[936],[629],[58],[749],[720],[562],[222],[754],[468],[257],[44],[487],[212],[358],[251],[207],[44],[778],[369],[240],[73],[546],[227],[686],[334],[753],[972],[688],[872],[272],[753],[697],[212],[646],[866],[321],[254],[991],[300],[307],[278],[183],[89],[927],[412],[76],[195],[946],[923],[46],[842],[621],[419],[471],[320],[423],[651],[864],[767],[310],[29],[300],[591],[64],[968],[257],[853],[383],[504],[911],[343],[471],[155],[4],[478],[552],[979],[253],[415],[401],[690],[179],[456],[686],[396],[684],[165],[626]
320,[127],[742],[23],[886],[636],[476],[671],[894],[542],[76],[257],[440],[37],[824],[294],[441],[838],[801],[179],[417],[932],[268],[552],[644],[992],[235],[397],[484],[854],[837],[902],[379],[685],[452],[190],[719],[744],[197],[397],[580],[851],[512],[180],[883],[325],[123],[96],[25],[759],[372],[756],[488],[461],[437],[950],[480],[485],[582],[70],[730],[867],[422],[431],[892],[248],[932],[455],[120],[447],[308],[205],[399],[77],[153],[726],[1],[230],[474],[540],[313],[421],[411],[195],[250],[962],[695],[942],[203],[963],[997],[338],[543],[463],[887],[619],[287],[411],[341],[538],[108]
321,[139],[545],[257],[266],[186],[60],[518],[276],[731],[289],[622],[243],[618],[369],[242],[231],[5],[742],[983],[213],[882],[283],[337],[220],[526],[22],[447],[777],[711],[801],[736],[454],[310],[424],[397],[771],[444],[992],[359],[215],[753],[783],[759],[820],[185],[816],[15],[174],[122],[939],[420],[992],[910],[762],[50],[992],[201],[977],[556],[840],[249],[28],[802],[753],[202],[978],[434],[684],[926],[813],[511],[684],[905],[660],[472],[218],[628],[310],[244],[703],[46],[481],[750],[976],[607],[680],[695],[817],[660],[323],[837],[121],[579],[752],[370],[616],[209],[693],[696],[938]
322,[39],[41],[715],[280],[531],[72],[11],[39],[922],[206],[90],[115],[893],[677],[117],[407],[314],[393],[22],[812],[569],[180],[640],[960],[620],[933],[93],[63],[446],[193],[861],[242],[281],[126],[805],[829],[944],[421],[149],[495],[976],[326],[646],[144],[558],[32],[682],[239],[610],[275],[901],[556],[459],[573],[654],[783],[260],[568],[417],[757],[943],[965],[756],[426],[465],[845],[663],[511],[801],[727],[743],[115],[32],[780],[51],[294],[731],[646],[453],[32],[261],[413],[16],[950],[990],[119],[921],[594],[855],[404],[78],[907],[320],[551],[168],[381],[41],[850],[136],[481]
323,[999],[590],[339],[433],[831],[886],[560],[306],[314],[279],[899],[556],[355],[61],[45],[492],[599],[812],[99],[267],[996],[190],[636],[458],[966],[856],[584],[727],[902],[862],[568],[332],[368],[66],[407],[193],[32],[128],[613],[66],[138],[38],[11],[905],[992],[931],[865],[434],[842],[880],[674],[911],[41],[44],[104],[201],[145],[270],[459],[182],[873],[415],[436],[799],[780],[110],[313],[682],[6],[279],[867],[958],[430],[729],[126],[247],[293],[52],[323],[238],[336],[386],[240],[221],[495],[767],[577],[189],[465],[773],[487],[143],[864],[556],[785],[63],[594],[324],[862],[351]
324,[759],[820],[667],[122],[98],[16],[215],[50],[335],[288],[449],[257],[239],[702],[431],[701],[86],[683],[561],[57],[91],[987],[540],[217],[715],[632],[733],[308],[549],[498],[48],[334],[994],[401],[228],[67],[609],[49],[22],[93],[675],[178],[502],[537],[570],[23],[844],[541],[543],[0],[956],[659],[936],[214],[952],[250],[971],[12],[874],[536],[460],[286],[306],[661],[787],[53],[156],[394],[814],[555],[853],[40],[823],[947],[669],[581],[226],[920],[898],[486],[128],[865],[117],[145],[542],[937],[643],[523],[995],[605],[179],[773],[75],[480],[690],[271],[770],[440],[154],[207]
325,[732],[737],[640],[282],[992],[129],[508],[700],[186],[251],[388],[771],[784],[130],[585],[98],[669],[316],[997],[72],[700],[303],[246],[520],[69],[166],[314],[13],[327],[502],[905],[927],[683],[201],[549],[989],[279],[509],[489],[622],[758],[902],[718],[42],[227],[188],[754],[217],[632],[478],[64],[298],[880],[814],[535],[606],[757],[279],[905],[245],[975],[364],[70],[989],[90],[551],[814],[687],[705],[0],[678],[624],[389],[266],[959],[791],[974],[173],[386],[309],[435],[749],[722],[417],[974],[336],[5],[682],[370],[671],[372],[985],[372],[237],[243],[634],[133],[229],[786],[331]
326,[475],[852],[193],[537],[154],[88],[718],[789],[980],[468],[682],[403],[49],[413],[554],[897],[336],[338],[24],[159],[80],[8],[615],[333],[842],[431],[917],[212],[164],[230],[370],[489],[300],[74],[597],[453],[134],[817],[323],[674],[359],[907],[225],[348],[989],[924],[103],[946],[848],[323],[662],[950],[192],[579],[257],[871],[21],[763],[467],[77],[719],[522],[889],[497],[313],[202],[271],[935],[236],[613],[373],[608],[116],[335],[874],[486],[923],[142],[502],[401],[714],[343],[920],[104],[909],[826],[573],[102],[316],[251],[900],[924],[85],[488],[79],[93],[400],[930],[852],[776]
327,[177],[736],[279],[747],[932],[423],[723],[425],[83],[903],[425],[190],[559],[147],[249],[151],[118],[560],[611],[461],[22],[211],[57],[615],[770],[553],[215],[62],[406],[619],[127],[647],[902],[568],[933],[739],[252],[905],[473],[448],[735],[154],[699],[848],[809],[846],[335],[919],[796],[734],[847],[876],[582],[743],[604],[491],[2],[534],[88],[884],[251],[122],[545],[76],[612],[269],[114],[555],[455],[794],[551],[722],[622],[147],[522],[714],[566],[200],[254],[850],[958],[328],[229],[442],[658],[875],[85],[600],[668],[230],[546],[9],[990],[243],[137],[480],[572],[261],[265],[910]
328,[212],[355],[566],[463],[840],[931],[241],[870],[104],[579],[328],[589],[805],[765],[193],[655],[475],[760],[94],[376],[258],[381],[259],[125],[165],[491],[678],[272],[507],[344],[800],[760],[264],[345],[325],[175],[359],[478],[126],[91],[266],[723],[916],[93],[178],[199],[545],[214],[391],[39],[638],[581],[92],[663],[62],[707],[38],[833],[329],[981],[905],[168],[226],[409],[458],[877],[377],[853],[734],[42],[497],[258],[47],[281],[936],[327],[520],[578],[699],[513],[829],[347],[445],[881],[619],[229],[692],[295],[125],[785],[328],[188],[506],[615],[258],[24],[287],[252],[50],[376]
329,[945],[328],[256],[902],[201],[235],[381],[625],[703],[130],[155],[926],[813],[299],[834],[618],[477],[97],[992],[427],[132],[394],[555],[27],[838],[145],[942],[604],[608],[80],[859],[708],[435],[486],[95],[415],[107],[652],[866],[942],[323],[398],[566],[417],[180],[602],[813],[38],[638],[370],[842],[445],[652],[108],[29],[425],[589],[229],[824],[663],[125],[920],[423],[129],[281],[50],[446],[706],[317],[883],[863],[340],[759],[508],[728],[186],[266],[991],[485],[636],[583],[286],[815],[367],[616],[347],[512],[284],[199],[975],[317],[459],[723],[929],[746],[496],[469],[644],[547],[326]
330,[640],[194],[374],[728],[731],[179],[331],[808],[228],[626],[73],[549],[522],[140],[714],[758],[581],[341],[840],[400],[381],[391],[660],[629],[648],[129],[404],[237],[212],[317],[97],[941],[460],[326],[659],[808],[63],[499],[29],[646],[67],[545],[467],[996],[652],[84],[206],[878],[241],[981],[558],[232],[56],[878],[175],[485],[942],[894],[184],[812],[277],[19],[796],[385],[398],[783],[558],[337],[531],[254],[325],[428],[877],[713],[398],[300],[4],[194],[115],[147],[324],[731],[913],[266],[493],[279],[837],[110],[854],[189],[363],[938],[993],[279],[413],[746],[326],[383],[708],[379]
331,[530],[202],[521],[528],[592],[215],[970],[977],[662],[891],[110],[203],[816],[665],[243],[382],[547],[389],[166],[276],[103],[383],[949],[19],[366],[978],[839],[914],[553],[179],[654],[143],[217],[661],[530],[606],[567],[735],[909],[628],[562],[845],[285],[223],[967],[488],[210],[660],[579],[248],[358],[375],[550],[542],[616],[538],[130],[520],[932],[901],[185],[641],[224],[601],[172],[892],[931],[466],[343],[526],[112],[455],[958],[328],[573],[561],[938],[728],[302],[658],[81],[516],[172],[727],[449],[366],[796],[300],[400],[518],[76],[20],[406],[198],[629],[767],[937],[611],[735],[994]
332,[778],[659],[534],[558],[916],[794],[147],[660],[554],[877],[473],[393],[527],[268],[532],[883],[420],[630],[719],[673],[508],[19],[415],[640],[43],[886],[928],[938],[322],[376],[597],[876],[321],[761],[972],[612],[26],[190],[570],[998],[829],[92],[445],[606],[772],[589],[903],[196],[402],[514],[763],[213],[114],[192],[909],[657],[242],[163],[312],[851],[205],[239],[39],[35],[451],[339],[251],[558],[57],[408],[155],[903],[196],[763],[824],[450],[144],[4],[186],[625],[738],[507],[367],[768],[831],[88],[92],[893],[439],[757],[278],[745],[341],[178],[564],[68],[800],[473],[669],[825]
333,[63],[853],[35],[996],[758],[300],[595],[343],[873],[602],[216],[779],[274],[877],[467],[981],[391],[52],[818],[924],[428],[760],[799],[211],[296],[658],[440],[877],[619],[445],[886],[121],[620],[886],[331],[419],[831],[50],[30],[666],[44],[978],[710],[509],[560],[826],[329],[183],[419],[845],[449],[580],[825],[371],[298],[704],[353],[596],[299],[2],[609],[689],[374],[112],[467],[825],[645],[809],[288],[244],[646],[651],[747],[507],[750],[143],[998],[400],[66],[691],[89],[229],[618],[380],[877],[409],[381],[939],[757],[177],[447],[195],[53],[441],[675],[666],[591],[225],[927],[741]
334,[835],[259],[803],[309],[106],[169],[684],[132],[936],[559],[259],[82],[676],[953],[367],[583],[756],[902],[118],[160],[947],[606],[887],[756],[697],[677],[262],[165],[737],[472],[129],[768],[389],[809],[843],[622],[37],[92],[520],[962],[760],[497],[777],[130],[431],[345],[604],[326],[167],[172],[669],[72],[934],[561],[243],[398],[753],[950],[143],[715],[964],[112],[425],[314],[572],[312],[574],[155],[567],[415],[488],[513],[819],[650],[177],[240],[925],[42],[380],[178],[38],[284],[116],[453],[51],[163],[581],[690],[185],[276],[376],[27],[800],[217],[209],[289],[850],[280],[710],[948]
335,[341],[757],[696],[72],[604],[500],[426],[13],[135],[757],[565],[873],[247],[322],[789],[86],[875],[142],[497],[968],[225],[699],[527],[149],[772],[148],[938],[596],[112],[582],[924],[373],[318],[39],[784],[766],[396],[9],[390],[10],[678],[694],[97],[701],[930],[385],[687],[927],[627],[494],[834],[219],[202],[142],[889],[390],[265],[762],[737],[539],[235],[160],[17],[43],[792],[987],[531],[605],[154],[552],[443],[645],[478],[657],[397],[530],[185],[990],[564],[255],[41],[539],[373],[9],[614],[234],[201],[87],[265],[646],[817],[897],[262],[864],[30],[3],[274],[334],[829],[995]
336,[75],[692],[403],[483],[484],[430],[42],[712],[9],[444],[318],[959],[422],[38],[866],[16],[99],[588],[876],[19],[837],[752],[891],[718],[276],[726],[245],[556],[876],[789],[69],[797],[926],[491],[47],[375],[792],[269],[41],[939],[50],[527],[350],[28],[23],[577],[35],[73],[314],[105],[659],[454],[595],[507],[461],[878],[826],[493],[627],[175],[971],[935],[482],[444],[233],[855],[133],[859],[641],[731],[873],[131],[302],[619],[9],[98],[296],[340],[40],[13],[864],[789],[198],[55],[682],[888],[721],[282],[556],[724],[728],[898],[245],[920],[345],[288],[207],[739],[124],[59]
337,[82],[37],[372],[580],[711],[668],[458],[361],[257],[330],[129],[773],[629],[517],[728],[882],[297],[678],[529],[131],[713],[188],[186],[862],[396],[54],[327],[966],[997],[727],[878],[977],[812],[213],[249],[46],[490],[316],[337],[915],[192],[630],[894],[973],[634],[951],[619],[942],[182],[759],[734],[373],[115],[835],[967],[463],[70],[919],[640],[561],[120],[992],[333],[613],[720],[68],[60],[291],[740],[641],[869],[630],[981],[741],[952],[192],[802],[441],[822],[665],[568],[972],[658],[204],[647],[509],[521],[164],[797],[592],[323],[485],[172],[447],[186],[867],[974],[132],[812],[985]
338,[931],[275],[56],[305],[431],[877],[485],[58],[162],[871],[512],[214],[200],[245],[951],[448],[605],[213],[343],[275],[503],[267],[459],[778],[428],[911],[159],[927],[889],[898],[593],[38],[821],[740],[765],[649],[565],[892],[807],[617],[796],[732],[834],[352],[470],[263],[888],[22],[721],[8],[384],[100],[59],[960],[983],[867],[818],[855],[145],[384],[73],[85],[881],[501],[455],[896],[474],[668],[264],[531],[447],[877],[374],[129],[513],[640],[947],[117],[734],[44],[698],[260],[111],[199],[724],[739],[261],[334],[52],[519],[799],[426],[474],[576],[368],[42],[166],[694],[115],[817]
339,[970],[982],[346],[810],[603],[259],[902],[702],[48],[984],[284],[699],[453],[854],[139],[412],[27],[54],[491],[562],[859],[159],[977],[754],[716],[4],[266],[681],[860],[301],[775],[500],[199],[977],[9],[446],[229],[253],[47],[506],[808],[695],[614],[30],[18],[245],[686],[365],[392],[29],[182],[811],[423],[956],[371],[769],[497],[893],[441],[40],[624],[343],[227],[399],[375],[195],[25],[35],[184],[708],[389],[633],[504],[8],[496],[693],[837],[639],[5],[832],[999],[487],[192],[94],[447],[288],[761],[222],[35],[809],[118],[786],[950],[955],[169],[629],[111],[866],[635],[9]
340,[171],[748],[725],[540],[87],[970],[108],[837],[76],[543],[91],[841],[145],[104],[509],[450],[414],[222],[413],[619],[366],[800],[722],[781],[444],[108],[199],[127],[949],[900],[989],[870],[442],[417],[414],[822],[389],[289],[941],[947],[917],[368],[254],[191],[704],[20],[202],[893],[785],[214],[90],[600],[332],[630],[624],[628],[338],[793],[602],[116],[593],[399],[383],[213],[112],[153],[47],[162],[126],[465],[431],[318],[101],[354],[203],[951],[135],[672],[246],[224],[830],[57],[356],[871],[128],[691],[48],[654],[933],[165],[725],[159],[860],[686],[718],[618],[349],[144],[519],[447]
341,[650],[530],[83],[625],[575],[1],[235],[232],[343],[525],[949],[864],[176],[700],[575],[125],[385],[709],[805],[316],[841],[355],[553],[502],[906],[368],[581],[562],[69],[67],[383],[641],[769],[756],[537],[750],[512],[67],[922],[637],[162],[988],[946],[935],[115],[36],[585],[438],[729],[715],[96],[353],[97],[254],[585],[50],[849],[237],[480],[563],[639],[69],[934],[283],[818],[320],[852],[409],[358],[612],[816],[618],[773],[931],[158],[109],[255],[713],[405],[86],[420],[610],[149],[792],[28],[655],[808],[744],[14],[40],[297],[592],[503],[105],[441],[921],[507],[145],[611],[417]
342,[857],[235],[85],[585],[236],[325],[533],[600],[273],[164],[405],[807],[589],[731],[987],[954],[861],[226],[385],[894],[862],[23],[161],[71],[805],[906],[18],[726],[195],[5],[228],[431],[744],[909],[830],[722],[800],[528],[604],[423],[746],[358],[806],[854],[285],[454],[161],[249],[650],[481],[770],[349],[752],[264],[16],[257],[516],[81],[637],[374],[424],[349],[307],[289],[387],[61],[192],[839],[805],[681],[260],[57],[152],[781],[790],[131],[30],[320],[469],[569],[178],[797],[319],[427],[34],[839],[383],[280],[401],[199],[874],[62],[563],[565],[719],[505],[735],[533],[29],[375]
343,[479],[559],[499],[693],[672],[73],[113],[156],[606],[863],[93],[881],[713],[496],[970],[825],[370],[298],[191],[820],[901],[799],[755],[419],[808],[763],[436],[159],[845],[887],[887],[71],[505],[26],[224],[386],[541],[428],[115],[759],[718],[63],[921],[383],[684],[915],[220],[907],[880],[133],[332],[867],[887],[513],[47],[820],[371],[808],[223],[655],[932],[229],[314],[41],[83],[492],[499],[512],[392],[169],[215],[91],[230],[486],[503],[429],[106],[790],[934],[767],[141],[25],[440],[391],[148],[22],[83],[121],[889],[185],[781],[944],[650],[365],[46],[433],[294],[84],[641],[765]
344,[752],[129],[611],[804],[785],[856],[496],[621],[263],[182],[620],[182],[917],[77],[845],[607],[588],[896],[955],[158],[455],[365],[101],[649],[989],[125],[390],[986],[918],[688],[760],[792],[254],[979],[157],[264],[207],[967],[421],[834],[589],[307],[779],[692],[707],[174],[630],[122],[703],[658],[886],[197],[106],[18],[251],[258],[593],[440],[316],[873],[480],[114],[743],[919],[367],[246],[145],[734],[140],[717],[434],[300],[234],[470],[705],[655],[828],[863],[191],[646],[422],[311],[512],[421],[465],[698],[441],[673],[436],[402],[876],[479],[691],[24],[674],[944],[604],[336],[797],[851]
345,[100],[962],[772],[91],[815],[992],[255],[969],[732],[927],[994],[446],[419],[187],[924],[706],[621],[475],[160],[885],[459],[161],[906],[116],[783],[10],[704],[617],[713],[908],[184],[120],[412],[323],[584],[170],[485],[644],[783],[124],[582],[551],[3],[558],[649],[764],[705],[716],[646],[113],[306],[413],[707],[782],[245],[316],[22],[379],[672],[994],[160],[787],[939],[77],[744],[402],[932],[227],[717],[861],[49],[93],[506],[966],[791],[281],[813],[729],[130],[608],[355],[188],[446],[351],[424],[630],[22],[441],[291],[441],[989],[610],[748],[145],[227],[137],[173],[454],[102],[877]
346,[869],[959],[188],[629],[804],[206],[525],[800],[35],[101],[985],[509],[225],[493],[868],[689],[447],[655],[313],[286],[832],[713],[610],[384],[468],[583],[669],[247],[521],[18],[564],[553],[187],[81],[404],[407],[195],[942],[325],[4],[544],[369],[800],[204],[440],[505],[731],[44],[888],[477],[22],[869],[970],[251],[101],[295],[136],[552],[675],[500],[473],[732],[409],[650],[765],[315],[563],[748],[702],[358],[248],[582],[720],[906],[375],[274],[202],[602],[661],[72],[892],[962],[950],[644],[833],[521],[379],[377],[616],[106],[391],[15],[924],[961],[149],[503],[600],[746],[337],[86]
347,[461],[592],[724],[821],[393],[311],[500],[706],[195],[578],[627],[668],[197],[783],[548],[405],[671],[650],[21],[250],[446],[894],[757],[490],[676],[982],[875],[708],[937],[923],[397],[811],[127],[956],[679],[223],[997],[25],[170],[151],[215],[885],[339],[111],[253],[566],[721],[691],[595],[259],[598],[434],[190],[244],[138],[993],[674],[587],[302],[982],[191],[554],[808],[643],[102],[720],[86],[12],[684],[443],[770],[25],[892],[800],[450],[524],[260],[995],[804],[236],[225],[609],[960],[435],[468],[343],[575],[577],[812],[537],[532],[914],[358],[201],[166],[715],[314],[419],[522],[646]
348,[190],[904],[430],[71],[469],[78],[871],[823],[455],[185],[363],[932],[906],[395],[220],[885],[625],[534],[823],[705],[497],[943],[353],[812],[987],[499],[513],[369],[216],[133],[198],[88],[914],[504],[992],[870],[454],[855],[442],[467],[465],[73],[153],[365],[933],[634],[692],[162],[381],[284],[49],[855],[817],[334],[265],[171],[46],[288],[726],[405],[959],[1],[65],[534],[186],[86],[873],[237],[348],[66],[627],[240],[410],[715],[169],[17],[600],[505],[954],[632],[173],[512],[188],[865],[560],[454],[998],[460],[448],[201],[406],[211],[709],[129],[883],[770],[927],[782],[222],[131]
349,[559],[46],[405],[873],[556],[764],[483],[46],[532],[589],[576],[281],[926],[488],[872],[305],[450],[446],[985],[598],[100],[222],[172],[89],[839],[287],[507],[492],[373],[85],[565],[65],[996],[294],[146],[972],[392],[623],[80],[106],[859],[457],[269],[787],[393],[185],[872],[164],[186],[605],[596],[59],[767],[149],[849],[656],[436],[385],[11],[344],[855],[244],[139],[693],[960],[163],[384],[118],[979],[209],[9],[674],[548],[680],[104],[584],[956],[556],[403],[143],[479],[763],[582],[143],[126],[638],[476],[730],[680],[698],[22],[250],[311],[378],[539],[65],[418],[701],[668],[443]
350,[858],[696],[970],[948],[435],[533],[566],[208],[959],[526],[65],[939],[693],[545],[88],[80],[22],[199],[32],[113],[853],[206],[585],[841],[859],[989],[249],[563],[199],[740],[963],[388],[233],[619],[107],[71],[197],[538],[398],[826],[870],[930],[126],[52],[278],[611],[789],[711],[242],[638],[752],[281],[692],[403],[326],[571],[437],[489],[469],[424],[349],[127],[530],[345],[182],[476],[328],[221],[683],[434],[330],[592],[503],[719],[282],[377],[384],[7],[896],[969],[117],[535],[752],[463],[199],[2],[613],[278],[204],[31],[210],[727],[154],[818],[953],[115],[25],[148],[858],[377]
351,[296],[842],[722],[38],[720],[734],[611],[797],[159],[450],[809],[542],[902],[648],[295],[241],[261],[837],[816],[419],[598],[140],[352],[396],[920],[559],[61],[346],[717],[78],[371],[513],[865],[663],[179],[221],[688],[613],[992],[273],[564],[240],[401],[45],[753],[656],[718],[996],[85],[765],[179],[391],[534],[139],[116],[408],[813],[380],[291],[568],[946],[75],[602],[481],[363],[615],[724],[422],[105],[749],[625],[87],[646],[323],[996],[628],[48],[407],[547],[176],[592],[580],[627],[791],[929],[968],[732],[343],[451],[172],[567],[761],[887],[580],[27],[786],[106],[927],[446],[789]
352,[638],[728],[200],[589],[467],[589],[537],[188],[361],[855],[785],[676],[605],[934],[552],[932],[995],[137],[745],[393],[256],[966],[362],[599],[985],[265],[838],[594],[242],[870],[415],[778],[628],[179],[878],[96],[138],[933],[155],[8],[914],[942],[24],[748],[378],[122],[515],[756],[558],[878],[45],[672],[808],[470],[766],[196],[271],[628],[540],[619],[600],[333],[559],[10],[456],[95],[579],[245],[93],[174],[106],[641],[182],[394],[54],[965],[888],[298],[697],[882],[1],[629],[383],[234],[54],[960],[676],[790],[988],[398],[476],[421],[404],[898],[64],[803],[880],[34],[833],[843]
353,[960],[68],[457],[820],[60],[153],[656],[302],[441],[831],[916],[758],[560],[319],[791],[107],[382],[863],[478],[578],[764],[464],[211],[973],[997],[396],[613],[199],[636],[971],[388],[418],[268],[921],[989],[177],[877],[308],[742],[581],[789],[642],[147],[270],[612],[735],[562],[952],[730],[11],[264],[501],[40],[75],[723],[524],[563],[854],[610],[823],[371],[528],[784],[579],[991],[285],[810],[80],[387],[319],[234],[761],[726],[745],[275],[359],[159],[765],[608],[87],[896],[521],[876],[981],[646],[581],[340],[704],[893],[919],[176],[633],[729],[306],[305],[206],[744],[535],[274],[360]
354,[474],[897],[895],[132],[418],[308],[820],[846],[265],[287],[58],[334],[371],[29],[392],[235],[679],[367],[467],[466],[457],[440],[421],[478],[331],[514],[334],[27],[531],[643],[926],[102],[186],[859],[445],[22],[902],[191],[185],[84],[908],[246],[575],[730],[501],[894],[814],[702],[129],[548],[855],[424],[497],[537],[834],[907],[630],[429],[439],[366],[813],[130],[256],[963],[892],[326],[639],[569],[272],[124],[529],[404],[569],[130],[604],[157],[429],[820],[871],[282],[799],[285],[947],[760],[735],[668],[592],[488],[785],[214],[942],[767],[427],[263],[442],[121],[195],[890],[326],[662]
355,[619],[204],[434],[669],[732],[755],[775],[201],[651],[43],[35],[952],[358],[290],[766],[406],[508],[15],[744],[332],[562],[586],[165],[233],[601],[960],[134],[668],[473],[106],[803],[147],[206],[389],[870],[934],[973],[157],[956],[228],[971],[45],[719],[496],[279],[640],[776],[489],[427],[578],[582],[744],[614],[910],[434],[668],[435],[226],[331],[345],[702],[387],[887],[269],[986],[740],[136],[387],[72],[837],[5],[891],[604],[506],[673],[905],[971],[60],[847],[119],[677],[562],[760],[693],[977],[803],[457],[71],[26],[978],[650],[876],[18],[586],[287],[281],[965],[867],[734],[22]
356,[536],[978],[459],[979],[942],[933],[984],[573],[537],[991],[783],[782],[22],[759],[53],[660],[737],[584],[245],[469],[865],[143],[628],[671],[418],[33],[375],[902],[563],[538],[21],[524],[711],[864],[599],[445],[947],[691],[251],[159],[89],[665],[656],[725],[77],[24],[377],[764],[172],[872],[728],[321],[65],[409],[87],[384],[455],[831],[426],[130],[310],[383],[585],[515],[660],[338],[80],[951],[728],[935],[486],[250],[851],[389],[823],[808],[987],[286],[474],[640],[732],[779],[249],[12],[627],[664],[186],[27],[70],[322],[732],[445],[869],[91],[416],[537],[149],[678],[177],[70]
357,[325],[388],[54],[495],[385],[392],[526],[949],[286],[618],[124],[469],[792],[533],[1],[763],[15],[954],[426],[955],[984],[189],[785],[182],[417],[277],[660],[912],[364],[522],[687],[600],[803],[895],[896],[79],[528],[718],[213],[205],[681],[320],[509],[736],[979],[45],[446],[741],[7],[454],[374],[997],[427],[797],[857],[683],[954],[16],[455],[988],[723],[718],[697],[918],[974],[850],[126],[145],[513],[314],[598],[999],[644],[783],[684],[909],[128],[798],[422],[883],[647],[463],[892],[684],[396],[483],[824],[968],[289],[133],[206],[71],[853],[355],[918],[954],[884],[22],[324],[573]
358,[912],[115],[832],[864],[2],[816],[177],[976],[854],[247],[374],[298],[387],[385],[861],[444],[959],[729],[100],[99],[910],[488],[393],[345],[187],[902],[27],[334],[571],[956],[922],[815],[699],[247],[680],[685],[999],[564],[121],[887],[248],[920],[221],[976],[349],[186],[311],[533],[535],[849],[446],[668],[537],[871],[865],[329],[109],[211],[642],[599],[615],[414],[450],[225],[663],[636],[754],[386],[33],[250],[582],[324],[954],[787],[179],[16],[556],[857],[225],[57],[857],[565],[678],[728],[120],[117],[792],[750],[131],[600],[947],[636],[856],[626],[358],[714],[304],[888],[53],[698]
359,[584],[297],[972],[391],[799],[280],[579],[337],[849],[237],[600],[583],[705],[557],[803],[149],[251],[279],[981],[25],[75],[510],[291],[400],[634],[434],[86],[303],[43],[117],[414],[201],[164],[117],[129],[566],[912],[449],[153],[59],[523],[270],[376],[329],[499],[909],[84],[821],[459],[38],[947],[286],[453],[649],[524],[352],[50],[519],[431],[37],[582],[519],[328],[687],[932],[370],[471],[251],[77],[569],[332],[263],[263],[194],[5],[654],[932],[951],[235],[800],[775],[152],[242],[823],[456],[425],[16],[721],[511],[207],[131],[13],[454],[189],[658],[758],[759],[82],[981],[918]
360,[300],[907],[182],[815],[782],[790],[155],[545],[908],[503],[579],[478],[625],[689],[132],[562],[165],[217],[752],[431],[362],[469],[449],[931],[70],[529],[100],[350],[203],[681],[504],[48],[252],[856],[907],[363],[826],[707],[265],[477],[671],[883],[174],[242],[467],[405],[233],[202],[362],[622],[562],[388],[542],[8],[226],[868],[755],[205],[568],[142],[533],[601],[886],[742],[878],[134],[142],[939],[540],[393],[617],[538],[296],[591],[826],[799],[941],[397],[665],[426],[42],[638],[206],[333],[530],[656],[684],[869],[446],[148],[96],[797],[277],[724],[835],[881],[237],[110],[404],[932]
361,[345],[192],[461],[423],[532],[46],[511],[164],[915],[594],[195],[248],[914],[565],[233],[285],[158],[565],[129],[327],[860],[508],[296],[406],[92],[962],[736],[87],[698],[380],[384],[594],[403],[9],[236],[916],[355],[957],[521],[547],[888],[219],[239],[785],[674],[40],[746],[332],[455],[216],[194],[780],[237],[357],[353],[830],[344],[790],[975],[516],[9],[294],[384],[303],[790],[860],[611],[390],[743],[457],[182],[179],[697],[712],[732],[713],[913],[311],[329],[880],[75],[30],[364],[4],[177],[717],[56],[126],[903],[953],[672],[135],[308],[160],[41],[607],[434],[828],[306],[20]
362,[663],[726],[415],[887],[96],[376],[836],[207],[504],[693],[135],[425],[999],[540],[628],[233],[668],[928],[862],[216],[127],[620],[935],[543],[111],[564],[579],[240],[772],[113],[432],[360],[89],[541],[492],[397],[370],[762],[297],[63],[877],[591],[877],[884],[366],[866],[425],[781],[52],[234],[441],[695],[308],[130],[886],[327],[911],[21],[894],[598],[152],[860],[512],[183],[110],[934],[912],[732],[176],[723],[687],[861],[753],[172],[628],[888],[169],[89],[279],[971],[574],[54],[524],[680],[346],[161],[948],[865],[713],[457],[455],[190],[916],[874],[931],[106],[258],[50],[592],[49]
363,[984],[255],[565],[840],[66],[593],[703],[690],[850],[531],[300],[177],[728],[28],[893],[409],[869],[250],[815],[217],[669],[162],[849],[476],[956],[521],[129],[33],[179],[805],[907],[655],[776],[141],[617],[320],[811],[662],[767],[54],[756],[279],[899],[63],[629],[876],[638],[871],[840],[474],[370],[796],[740],[745],[570],[93],[526],[617],[99],[28],[45],[545],[951],[404],[211],[227],[511],[154],[121],[707],[896],[847],[300],[459],[510],[496],[287],[710],[613],[172],[679],[895],[574],[552],[541],[672],[746],[803],[319],[760],[136],[363],[844],[935],[198],[812],[716],[480],[952],[420]
364,[627],[128],[208],[0],[102],[536],[182],[990],[127],[241],[138],[524],[230],[592],[660],[185],[983],[886],[755],[384],[220],[278],[37],[537],[931],[557],[940],[115],[820],[687],[293],[638],[550],[559],[710],[799],[921],[868],[555],[943],[785],[121],[194],[356],[351],[460],[626],[766],[830],[910],[236],[137],[734],[776],[506],[233],[610],[458],[806],[984],[956],[384],[948],[642],[988],[883],[848],[873],[214],[75],[421],[368],[960],[9],[454],[305],[366],[327],[309],[909],[7],[569],[406],[653],[830],[268],[485],[390],[190],[736],[759],[162],[512],[882],[829],[726],[609],[475],[127],[896]
365,[630],[529],[358],[590],[545],[433],[12],[588],[818],[958],[776],[121],[939],[699],[360],[146],[944],[336],[993],[199],[66],[626],[933],[258],[213],[51],[497],[310],[331],[919],[71],[763],[76],[351],[19],[672],[934],[312],[60],[548],[229],[196],[848],[490],[801],[680],[137],[336],[105],[920],[673],[126],[448],[188],[974],[905],[900],[907],[281],[325],[328],[48],[69],[369],[668],[455],[352],[72],[401],[532],[599],[20],[141],[844],[723],[372],[935],[961],[478],[982],[731],[114],[362],[240],[894],[195],[730],[480],[607],[308],[434],[400],[291],[492],[597],[865],[0],[270],[260],[694]
366,[184],[526],[363],[872],[465],[408],[846],[609],[889],[57],[743],[816],[568],[511],[85],[389],[715],[503],[801],[602],[594],[958],[13],[504],[879],[684],[461],[929],[485],[730],[467],[434],[160],[255],[452],[977],[835],[574],[664],[42],[361],[996],[59],[46],[201],[673],[854],[588],[872],[619],[297],[492],[468],[237],[615],[864],[518],[484],[501],[60],[990],[861],[798],[286],[6],[746],[475],[756],[135],[902],[862],[928],[477],[795],[205],[810],[996],[571],[411],[543],[924],[232],[660],[645],[738],[527],[702],[602],[442],[337],[461],[952],[4],[884],[142],[267],[392],[920],[783],[6]
367,[948],[52],[586],[916],[827],[295],[939],[199],[341],[735],[147],[269],[505],[600],[648],[677],[232],[958],[164],[631],[541],[916],[747],[993],[308],[655],[999],[31],[457],[293],[605],[626],[992],[962],[691],[749],[948],[877],[738],[758],[412],[702],[628],[422],[595],[785],[493],[517],[980],[274],[606],[469],[60],[404],[932],[738],[609],[98],[922],[255],[735],[529],[429],[308],[358],[834],[348],[660],[498],[423],[882],[58],[568],[536],[382],[147],[640],[538],[180],[206],[337],[354],[420],[541],[417],[414],[134],[829],[669],[260],[124],[882],[637],[910],[735],[973],[476],[92],[803],[659]
368,[231],[596],[140],[511],[285],[99],[745],[943],[426],[127],[755],[537],[657],[762],[126],[42],[146],[965],[28],[693],[915],[74],[608],[958],[59],[91],[376],[59],[967],[827],[667],[682],[214],[824],[364],[868],[101],[0],[14],[820],[814],[149],[588],[374],[233],[669],[695],[789],[334],[955],[433],[927],[719],[159],[296],[821],[37],[668],[646],[890],[150],[659],[684],[470],[690],[27],[779],[416],[617],[930],[475],[768],[161],[345],[584],[610],[259],[650],[382],[517],[258],[778],[349],[985],[988],[555],[359],[993],[345],[815],[89],[927],[837],[380],[709],[215],[259],[272],[575],[809]
369,[182],[183],[654],[762],[544],[94],[669],[986],[253],[81],[869],[667],[428],[582],[515],[764],[706],[69],[617],[173],[436],[624],[249],[921],[149],[239],[383],[572],[210],[251],[486],[16],[119],[667],[105],[412],[939],[231],[42],[680],[537],[276],[50],[486],[350],[595],[542],[583],[111],[282],[641],[787],[626],[770],[942],[161],[313],[134],[944],[161],[4],[232],[440],[378],[729],[736],[877],[536],[86],[340],[890],[129],[63],[62],[992],[231],[483],[408],[981],[944],[630],[522],[211],[903],[161],[208],[235],[862],[983],[584],[971],[487],[388],[577],[898],[341],[742],[772],[278],[77]
370,[15],[801],[739],[297],[801],[340],[85],[341],[30],[35],[242],[147],[270],[825],[270],[911],[565],[842],[10],[204],[736],[487],[738],[528],[209],[739],[348],[435],[536],[250],[154],[515],[822],[118],[553],[112],[610],[897],[841],[80],[343],[466],[751],[134],[601],[79],[602],[759],[152],[429],[983],[905],[195],[160],[644],[638],[940],[680],[823],[21],[886],[880],[717],[678],[536],[723],[535],[981],[82],[404],[588],[702],[516],[105],[244],[507],[834],[705],[913],[772],[470],[318],[759],[606],[591],[280],[45],[406],[788],[672],[35],[216],[399],[11],[301],[47],[761],[809],[949],[962]
371,[652],[798],[386],[961],[845],[831],[870],[559],[269],[388],[487],[975],[820],[530],[946],[584],[77],[897],[221],[711],[528],[877],[39],[870],[977],[49],[528],[452],[739],[589],[62],[998],[33],[727],[702],[831],[989],[215],[624],[932],[850],[68],[958],[671],[553],[376],[1],[825],[898],[261],[987],[888],[878],[230],[177],[350],[935],[815],[428],[7],[753],[500],[865],[942],[3],[498],[585],[226],[601],[19],[232],[255],[192],[165],[827],[558],[101],[348],[550],[190],[515],[905],[687],[260],[793],[809],[869],[479],[587],[507],[243],[293],[604],[637],[77],[880],[509],[813],[340],[218]
372,[594],[987],[617],[81],[141],[826],[617],[185],[846],[535],[532],[67],[558],[305],[346],[765],[222],[719],[820],[511],[474],[73],[109],[859],[817],[963],[222],[868],[52],[772],[823],[740],[202],[189],[982],[509],[189],[712],[426],[165],[555],[941],[178],[291],[447],[180],[298],[797],[123],[438],[400],[813],[778],[894],[331],[585],[359],[153],[317],[855],[463],[118],[272],[556],[379],[330],[451],[519],[548],[387],[159],[631],[316],[714],[135],[22],[742],[214],[146],[162],[704],[76],[746],[630],[679],[686],[510],[319],[98],[204],[435],[966],[79],[767],[13],[630],[514],[365],[243],[344]
373,[779],[688],[931],[535],[717],[550],[223],[106],[972],[829],[896],[512],[585],[975],[393],[481],[713],[713],[296],[546],[140],[717],[154],[974],[40],[388],[534],[222],[591],[414],[642],[830],[461],[615],[366],[946],[143],[759],[693],[284],[973],[962],[447],[237],[816],[856],[745],[987],[959],[720],[154],[311],[604],[219],[41],[145],[158],[601],[56],[467],[769],[755],[398],[194],[272],[248],[772],[492],[67],[230],[757],[814],[279],[469],[0],[715],[95],[21],[172],[818],[936],[251],[655],[836],[77],[188],[428],[753],[760],[911],[823],[584],[328],[13],[409],[969],[299],[597],[704],[872]
374,[582],[919],[786],[773],[210],[198],[450],[608],[323],[464],[456],[536],[8],[35],[50],[681],[851],[530],[554],[845],[738],[635],[894],[447],[753],[203],[699],[381],[646],[568],[256],[659],[847],[972],[348],[146],[675],[989],[177],[444],[279],[454],[149],[255],[793],[825],[504],[116],[361],[707],[996],[620],[357],[383],[373],[594],[63],[724],[584],[39],[21],[145],[394],[211],[807],[997],[56],[651],[3],[889],[114],[426],[813],[83],[710],[485],[838],[996],[109],[629],[22],[709],[396],[993],[168],[526],[597],[193],[519],[255],[632],[243],[317],[675],[159],[723],[740],[821],[271],[106]
375,[175],[450],[210],[833],[272],[41],[517],[77],[784],[782],[269],[456],[533],[769],[398],[691],[194],[496],[705],[36],[874],[513],[307],[519],[567],[330],[626],[569],[109],[347],[625],[317],[779],[521],[176],[77],[657],[116],[719],[611],[817],[970],[802],[401],[117],[772],[959],[558],[581],[129],[942],[792],[286],[669],[844],[264],[152],[665],[784],[343],[520],[312],[251],[581],[228],[192],[669],[739],[141],[565],[428],[272],[19],[222],[889],[313],[951],[17],[339],[196],[644],[139],[324],[658],[665],[642],[892],[339],[544],[690],[3],[306],[457],[381],[47],[667],[247],[726],[875],[520]
376,[255],[868],[366],[509],[471],[104],[142],[186],[100],[264],[492],[492],[29],[599],[200],[602],[619],[86],[512],[176],[895],[823],[654],[33],[577],[769],[131],[137],[87],[663],[226],[545],[793],[964],[692],[720],[150],[311],[879],[416],[710],[426],[44],[243],[32],[796],[187],[156],[11],[769],[716],[79],[265],[785],[248],[319],[422],[258],[812],[414],[983],[236],[674],[971],[429],[761],[94],[196],[745],[495],[720],[560],[5],[59],[901],[27],[990],[372],[856],[618],[37],[106],[624],[323],[718],[578],[866],[583],[586],[531],[157],[570],[316],[592],[105],[509],[662],[624],[776],[676]
377,[551],[234],[2],[279],[8],[915],[615],[416],[275],[229],[372],[159],[555],[594],[904],[629],[998],[160],[341],[246],[809],[62],[375],[833],[340],[674],[710],[419],[819],[486],[410],[306],[319],[78],[462],[55],[437],[713],[757],[840],[424],[266],[223],[867],[982],[412],[195],[120],[599],[560],[516],[228],[86],[674],[250],[91],[739],[173],[7],[165],[281],[510],[273],[568],[642],[726],[685],[141],[228],[247],[62],[50],[918],[603],[589],[150],[519],[586],[660],[852],[39],[590],[717],[459],[190],[157],[868],[904],[175],[77],[28],[726],[509],[403],[10],[801],[414],[136],[195],[878]
378,[353],[900],[805],[544],[787],[278],[594],[820],[670],[796],[375],[14],[490],[436],[958],[211],[90],[485],[432],[855],[237],[765],[634],[651],[874],[577],[595],[505],[219],[232],[649],[672],[796],[447],[559],[238],[137],[940],[973],[462],[594],[96],[725],[552],[583],[827],[805],[243],[413],[987],[751],[657],[702],[59],[197],[487],[56],[609],[896],[538],[276],[599],[100],[906],[511],[911],[226],[657],[413],[231],[120],[351],[381],[889],[506],[332],[186],[316],[723],[792],[619],[994],[514],[394],[872],[16],[280],[800],[379],[972],[624],[324],[51],[524],[134],[924],[28],[841],[800],[966]
379,[116],[965],[943],[568],[620],[602],[140],[950],[604],[953],[723],[720],[432],[294],[458],[28],[898],[90],[184],[862],[771],[873],[929],[922],[385],[835],[830],[266],[767],[776],[739],[456],[103],[602],[919],[747],[246],[442],[236],[964],[804],[931],[733],[920],[35],[418],[321],[778],[161],[267],[342],[101],[700],[96],[809],[135],[404],[108],[445],[811],[102],[180],[77],[876],[259],[447],[695],[229],[120],[60],[756],[994],[986],[776],[174],[88],[271],[58],[638],[376],[272],[168],[956],[76],[796],[77],[355],[661],[188],[28],[213],[804],[525],[510],[246],[131],[128],[805],[67],[959]
380,[861],[412],[411],[911],[573],[222],[443],[73],[594],[337],[103],[411],[845],[270],[385],[494],[236],[752],[978],[941],[686],[802],[905],[712],[285],[185],[254],[999],[506],[177],[309],[670],[583],[56],[203],[941],[560],[628],[773],[457],[91],[736],[91],[813],[282],[425],[246],[608],[633],[269],[201],[598],[875],[683],[514],[224],[870],[717],[112],[107],[301],[431],[335],[639],[278],[787],[420],[975],[322],[630],[329],[844],[677],[264],[332],[908],[854],[714],[230],[48],[953],[637],[588],[528],[52],[493],[659],[819],[670],[445],[808],[438],[107],[389],[662],[40],[936],[414],[954],[736]
381,[8],[667],[239],[504],[259],[999],[429],[316],[803],[729],[683],[236],[181],[126],[501],[210],[871],[880],[248],[743],[142],[954],[405],[25],[813],[805],[72],[302],[932],[661],[853],[142],[429],[677],[20],[898],[24],[904],[786],[289],[837],[774],[367],[391],[125],[896],[522],[267],[827],[404],[470],[272],[801],[796],[472],[902],[519],[37],[697],[970],[897],[976],[793],[802],[181],[241],[787],[678],[867],[107],[198],[175],[631],[960],[438],[389],[45],[591],[135],[53],[947],[738],[743],[702],[496],[476],[313],[663],[736],[862],[319],[112],[237],[316],[226],[688],[932],[968],[435],[416]
382,[500],[567],[807],[839],[897],[721],[746],[6],[620],[590],[180],[180],[648],[292],[215],[163],[268],[745],[60],[40],[621],[519],[408],[305],[781],[363],[778],[465],[408],[742],[606],[639],[819],[764],[293],[928],[41],[132],[122],[785],[834],[222],[589],[868],[650],[624],[234],[655],[13],[544],[678],[895],[794],[825],[914],[226],[142],[47],[307],[722],[12],[869],[882],[795],[476],[548],[424],[418],[270],[463],[293],[349],[336],[436],[211],[672],[390],[720],[237],[557],[114],[157],[148],[2],[699],[591],[971],[369],[534],[553],[929],[4],[325],[557],[158],[321],[183],[944],[824],[170]
383,[579],[950],[203],[141],[411],[422],[83],[177],[365],[478],[517],[568],[455],[929],[788],[157],[934],[75],[702],[368],[161],[516],[48],[516],[986],[562],[328],[793],[472],[606],[53],[45],[869],[229],[379],[187],[787],[519],[581],[950],[174],[127],[989],[435],[697],[262],[614],[56],[311],[236],[104],[238],[800],[42],[805],[680],[332],[925],[529],[843],[947],[797],[974],[835],[91],[627],[834],[709],[982],[496],[716],[936],[550],[634],[507],[663],[911],[443],[911],[566],[12],[477],[463],[970],[756],[278],[688],[90],[750],[12],[266],[992],[965],[142],[88],[73],[53],[793],[533],[819]
384,[16],[734],[72],[308],[136],[351],[290],[952],[802],[847],[720],[213],[887],[167],[108],[935],[558],[119],[508],[268],[191],[543],[883],[549],[375],[997],[465],[514],[968],[462],[128],[631],[398],[532],[223],[107],[824],[840],[780],[868],[462],[627],[727],[559],[169],[837],[972],[771],[815],[972],[534],[815],[824],[82],[21],[671],[946],[83],[367],[5],[278],[649],[454],[814],[555],[67],[258],[559],[323],[620],[694],[80],[317],[485],[138],[69],[275],[928],[328],[214],[410],[244],[278],[569],[517],[147],[137],[259],[320],[657],[514],[780],[407],[992],[52],[658],[901],[846],[739],[943]
385,[294],[63],[872],[416],[914],[968],[692],[30],[119],[987],[21],[341],[198],[615],[686],[598],[586],[796],[954],[6],[674],[622],[93],[58],[579],[575],[415],[816],[721],[761],[661],[698],[920],[425],[556],[780],[114],[755],[175],[175],[540],[923],[631],[139],[672],[525],[281],[407],[712],[586],[388],[663],[952],[701],[786],[535],[957],[256],[564],[523],[903],[541],[950],[554],[965],[908],[741],[93],[958],[143],[333],[725],[698],[945],[744],[388],[173],[357],[770],[846],[26],[190],[449],[89],[653],[253],[628],[758],[884],[771],[545],[429],[84],[545],[426],[365],[550],[574],[897],[980]
386,[879],[804],[694],[751],[769],[887],[522],[601],[645],[960],[213],[91],[794],[347],[521],[268],[221],[465],[767],[494],[213],[726],[462],[830],[205],[468],[391],[389],[975],[890],[152],[493],[287],[535],[821],[731],[349],[917],[481],[333],[854],[450],[723],[431],[680],[516],[611],[633],[258],[341],[26],[103],[402],[481],[751],[183],[27],[885],[36],[680],[149],[677],[175],[252],[443],[235],[336],[403],[25],[573],[728],[956],[793],[19],[886],[326],[377],[915],[253],[129],[627],[351],[417],[103],[222],[325],[281],[211],[533],[912],[40],[28],[953],[371],[75],[576],[882],[246],[573],[798]
387,[900],[116],[548],[532],[196],[795],[240],[248],[40],[879],[333],[495],[392],[935],[118],[309],[772],[309],[649],[554],[382],[678],[64],[821],[833],[249],[948],[374],[500],[679],[503],[228],[951],[304],[370],[888],[215],[838],[848],[830],[969],[494],[976],[138],[876],[243],[561],[394],[596],[587],[237],[210],[939],[325],[955],[383],[262],[953],[663],[734],[550],[865],[759],[502],[610],[623],[884],[517],[796],[891],[724],[555],[932],[938],[948],[867],[584],[67],[52],[45],[320],[504],[741],[491],[313],[275],[277],[199],[960],[89],[152],[540],[926],[338],[703],[845],[837],[43],[302],[79]
388,[540],[878],[326],[876],[274],[224],[382],[614],[596],[300],[521],[927],[414],[158],[24],[975],[490],[531],[650],[731],[139],[575],[382],[142],[953],[211],[742],[634],[920],[994],[941],[328],[409],[391],[831],[814],[874],[103],[753],[850],[502],[740],[369],[388],[1],[499],[996],[444],[528],[499],[7],[999],[920],[895],[606],[882],[500],[870],[762],[816],[330],[754],[81],[60],[304],[321],[921],[264],[340],[871],[783],[564],[843],[526],[605],[725],[748],[884],[577],[498],[372],[702],[572],[83],[476],[492],[492],[736],[438],[533],[508],[225],[114],[68],[707],[385],[474],[289],[125],[151]
389,[817],[593],[431],[103],[876],[977],[942],[11],[989],[565],[365],[613],[604],[856],[707],[50],[306],[653],[865],[725],[380],[632],[520],[775],[869],[659],[119],[415],[730],[654],[179],[30],[749],[867],[269],[440],[89],[257],[490],[809],[620],[548],[287],[344],[923],[344],[315],[402],[82],[382],[47],[734],[220],[278],[677],[813],[779],[874],[344],[590],[119],[999],[712],[889],[333],[394],[910],[911],[682],[840],[504],[840],[214],[126],[846],[716],[878],[577],[535],[659],[889],[795],[725],[429],[232],[791],[202],[860],[342],[707],[264],[513],[692],[83],[326],[186],[472],[306],[56],[518]
390,[818],[985],[125],[685],[511],[396],[543],[358],[634],[497],[658],[770],[441],[491],[488],[471],[933],[470],[668],[913],[656],[595],[686],[53],[105],[289],[38],[487],[68],[859],[909],[507],[694],[675],[766],[590],[161],[944],[758],[687],[284],[373],[439],[333],[600],[247],[750],[898],[208],[960],[809],[498],[388],[829],[310],[203],[650],[455],[201],[372],[581],[453],[338],[104],[156],[342],[791],[904],[242],[781],[620],[802],[376],[620],[326],[444],[63],[917],[74],[595],[566],[173],[528],[847],[722],[412],[483],[707],[900],[492],[464],[862],[383],[51],[701],[872],[715],[105],[169],[594]
391,[375],[76],[394],[155],[794],[808],[304],[517],[66],[82],[774],[995],[150],[510],[505],[1],[143],[378],[298],[359],[280],[629],[843],[917],[930],[138],[757],[715],[508],[620],[502],[658],[249],[914],[345],[635],[882],[486],[140],[657],[855],[537],[793],[741],[764],[642],[72],[119],[492],[337],[493],[971],[891],[190],[249],[800],[951],[118],[715],[276],[734],[709],[464],[79],[971],[331],[32],[464],[987],[925],[702],[998],[854],[571],[561],[537],[575],[938],[515],[310],[6],[45],[285],[934],[442],[743],[460],[756],[395],[982],[465],[52],[952],[317],[855],[545],[767],[532],[66],[271]
392,[758],[247],[336],[600],[918],[532],[393],[713],[351],[64],[612],[658],[853],[295],[979],[805],[73],[394],[689],[846],[609],[51],[16],[222],[866],[446],[349],[566],[539],[323],[571],[526],[928],[652],[903],[417],[374],[802],[411],[740],[45],[855],[678],[2],[451],[770],[58],[24],[908],[761],[950],[593],[91],[734],[493],[332],[334],[470],[786],[693],[297],[592],[6],[660],[915],[900],[170],[716],[338],[270],[445],[471],[297],[158],[415],[575],[539],[49],[84],[131],[809],[187],[885],[745],[557],[464],[288],[734],[396],[493],[368],[364],[378],[916],[826],[354],[999],[967],[884],[364]
393,[420],[542],[564],[60],[253],[486],[422],[754],[902],[270],[514],[20],[979],[874],[378],[417],[134],[697],[884],[397],[824],[584],[808],[485],[304],[473],[332],[445],[252],[315],[892],[325],[827],[868],[682],[489],[469],[997],[98],[116],[563],[993],[825],[815],[10],[644],[501],[54],[560],[686],[880],[352],[338],[780],[972],[96],[399],[914],[243],[512],[950],[654],[849],[329],[778],[71],[965],[441],[315],[729],[364],[838],[363],[950],[590],[668],[629],[545],[925],[229],[404],[844],[275],[867],[803],[744],[459],[389],[717],[147],[173],[795],[522],[107],[651],[654],[449],[615],[915],[318]
394,[443],[709],[165],[577],[277],[188],[228],[783],[0],[395],[748],[966],[547],[717],[859],[411],[404],[839],[946],[73],[5],[576],[294],[898],[812],[612],[918],[680],[193],[454],[591],[465],[787],[621],[566],[312],[815],[405],[659],[618],[977],[714],[529],[314],[690],[528],[56],[988],[512],[450],[266],[146],[669],[560],[161],[924],[118],[964],[617],[223],[298],[806],[220],[272],[540],[854],[357],[460],[999],[301],[917],[60],[798],[259],[645],[105],[165],[779],[437],[972],[280],[332],[370],[739],[651],[201],[854],[405],[733],[881],[988],[357],[23],[278],[83],[198],[703],[673],[350],[826]
395,[743],[946],[408],[51],[521],[648],[267],[295],[674],[516],[433],[768],[876],[105],[17],[517],[320],[153],[501],[164],[530],[99],[649],[989],[369],[162],[739],[550],[943],[825],[994],[307],[891],[327],[329],[994],[901],[797],[43],[190],[20],[384],[796],[822],[921],[760],[157],[482],[370],[547],[464],[119],[162],[623],[343],[827],[724],[1],[576],[595],[894],[690],[642],[759],[418],[413],[115],[966],[860],[992],[160],[923],[270],[893],[977],[837],[278],[205],[144],[627],[142],[737],[748],[249],[664],[390],[611],[683],[161],[245],[739],[557],[214],[396],[337],[177],[350],[512],[926],[563]
396,[646],[306],[334],[612],[777],[603],[932],[578],[505],[301],[352],[885],[526],[344],[889],[307],[507],[858],[346],[340],[215],[77],[766],[638],[660],[394],[969],[103],[931],[83],[663],[295],[440],[339],[906],[384],[864],[527],[714],[665],[625],[669],[108],[273],[726],[456],[367],[841],[700],[244],[301],[742],[682],[716],[702],[35],[440],[997],[519],[592],[266],[691],[179],[348],[426],[681],[656],[241],[197],[180],[11],[396],[907],[628],[976],[154],[650],[246],[499],[431],[164],[801],[768],[589],[494],[292],[468],[687],[227],[135],[533],[791],[6],[330],[193],[378],[363],[551],[485],[526]
397,[852],[811],[233],[401],[656],[974],[761],[231],[628],[85],[893],[870],[727],[219],[542],[351],[518],[157],[139],[575],[277],[374],[265],[773],[481],[308],[550],[835],[98],[877],[336],[261],[903],[527],[189],[432],[979],[624],[655],[152],[250],[605],[691],[534],[720],[73],[78],[329],[761],[607],[241],[446],[83],[132],[38],[369],[613],[49],[960],[388],[159],[841],[719],[551],[196],[438],[364],[133],[127],[722],[953],[252],[844],[791],[439],[977],[71],[893],[209],[914],[766],[248],[663],[404],[986],[901],[179],[694],[186],[868],[101],[999],[469],[168],[729],[437],[17],[791],[744],[931]
398,[6],[469],[690],[73],[25],[19],[930],[252],[437],[243],[925],[918],[612],[970],[7],[739],[260],[62],[170],[240],[424],[682],[229],[230],[203],[972],[983],[30],[278],[283],[255],[298],[168],[853],[316],[151],[707],[483],[422],[727],[37],[375],[637],[407],[47],[203],[256],[934],[974],[270],[715],[947],[746],[600],[23],[11],[663],[443],[174],[26],[334],[23],[195],[188],[180],[509],[521],[910],[113],[321],[735],[581],[245],[243],[128],[166],[558],[345],[952],[379],[904],[501],[216],[857],[835],[867],[37],[779],[592],[395],[69],[792],[7],[685],[248],[742],[345],[682],[778],[963]
399,[347],[12],[676],[866],[142],[844],[87],[748],[217],[668],[261],[904],[818],[965],[163],[615],[460],[3],[794],[47],[757],[974],[769],[373],[976],[817],[975],[889],[288],[505],[378],[742],[805],[553],[661],[34],[530],[722],[933],[130],[679],[408],[500],[508],[116],[30],[358],[364],[606],[439],[797],[510],[117],[47],[462],[652],[193],[100],[305],[432],[647],[850],[267],[990],[265],[130],[304],[15],[630],[459],[834],[966],[105],[219],[807],[642],[121],[183],[958],[590],[884],[324],[145],[224],[989],[221],[705],[100],[275],[578],[103],[137],[500],[754],[628],[135],[477],[940],[229],[480]
400,[320],[589],[505],[893],[144],[548],[121],[262],[780],[905],[702],[471],[772],[371],[802],[953],[859],[784],[406],[874],[632],[780],[245],[938],[581],[778],[802],[85],[940],[567],[450],[186],[251],[918],[891],[623],[386],[796],[563],[338],[918],[493],[289],[167],[149],[445],[0],[590],[875],[524],[968],[986],[201],[614],[329],[387],[352],[963],[266],[603],[885],[83],[377],[370],[775],[774],[23],[636],[786],[676],[144],[961],[203],[801],[909],[784],[637],[507],[38],[231],[487],[263],[927],[654],[843],[256],[786],[125],[485],[246],[492],[554],[158],[27],[925],[858],[118],[696],[295],[858]
401,[499],[760],[347],[422],[681],[678],[933],[655],[423],[154],[968],[413],[955],[220],[563],[552],[19],[506],[573],[440],[96],[442],[872],[880],[13],[30],[691],[809],[505],[826],[451],[579],[720],[218],[17],[939],[404],[909],[634],[732],[828],[283],[314],[782],[139],[618],[337],[468],[110],[188],[156],[786],[21],[536],[880],[94],[707],[667],[548],[465],[198],[640],[392],[633],[12],[349],[340],[432],[223],[229],[860],[695],[890],[261],[1],[246],[705],[124],[174],[305],[927],[308],[644],[798],[195],[281],[598],[932],[270],[751],[796],[659],[11],[772],[881],[116],[12],[639],[12],[783]
402,[379],[302],[389],[198],[33],[572],[876],[28],[964],[949],[420],[330],[488],[738],[234],[189],[841],[857],[727],[839],[445],[395],[386],[172],[965],[859],[10],[826],[84],[953],[171],[9],[333],[531],[288],[638],[354],[569],[474],[492],[553],[561],[871],[403],[210],[159],[481],[701],[524],[319],[701],[400],[584],[703],[68],[368],[327],[444],[795],[836],[409],[882],[937],[605],[569],[319],[402],[696],[253],[715],[156],[75],[939],[16],[788],[471],[880],[881],[410],[886],[450],[563],[884],[468],[963],[800],[530],[709],[560],[82],[325],[787],[823],[756],[8],[251],[861],[632],[836],[36]
403,[373],[652],[905],[552],[639],[176],[146],[154],[110],[24],[667],[688],[711],[145],[224],[776],[903],[920],[502],[951],[907],[940],[587],[839],[834],[436],[896],[849],[324],[461],[272],[486],[693],[214],[433],[243],[7],[230],[603],[178],[95],[36],[389],[672],[71],[497],[850],[791],[504],[808],[684],[335],[170],[242],[866],[569],[150],[382],[165],[329],[193],[468],[755],[861],[539],[142],[933],[315],[420],[589],[975],[612],[131],[347],[52],[199],[308],[526],[839],[910],[116],[257],[975],[84],[589],[995],[833],[714],[911],[243],[149],[387],[470],[23],[848],[379],[387],[738],[454],[367]
404,[574],[424],[749],[469],[964],[180],[752],[747],[690],[980],[24],[701],[940],[346],[676],[903],[135],[289],[804],[355],[854],[819],[190],[957],[56],[506],[208],[201],[459],[345],[353],[715],[975],[517],[902],[890],[785],[502],[926],[714],[752],[125],[162],[251],[529],[231],[801],[866],[565],[564],[209],[256],[812],[648],[580],[280],[871],[30],[229],[332],[808],[729],[841],[829],[37],[593],[220],[629],[989],[484],[837],[357],[156],[677],[297],[779],[855],[104],[264],[534],[304],[802],[151],[548],[550],[544],[754],[601],[569],[486],[712],[130],[585],[547],[295],[490],[301],[456],[99],[898]
405,[773],[655],[496],[383],[350],[936],[399],[577],[898],[158],[479],[19],[831],[739],[77],[513],[355],[512],[712],[540],[502],[359],[240],[997],[532],[512],[297],[397],[833],[943],[602],[745],[131],[44],[740],[53],[216],[682],[778],[507],[290],[345],[423],[877],[384],[955],[518],[115],[514],[318],[128],[741],[532],[117],[756],[214],[984],[785],[704],[259],[700],[921],[947],[373],[294],[143],[389],[749],[572],[607],[859],[776],[696],[185],[480],[988],[664],[605],[866],[581],[949],[754],[840],[443],[150],[290],[887],[115],[155],[885],[255],[806],[571],[166],[563],[55],[731],[685],[351],[727]
406,[374],[347],[162],[930],[798],[866],[75],[87],[558],[964],[293],[239],[249],[558],[89],[395],[495],[488],[723],[649],[263],[947],[24],[425],[371],[340],[259],[463],[896],[119],[250],[399],[133],[265],[277],[786],[487],[160],[831],[818],[667],[225],[89],[405],[100],[658],[662],[459],[24],[237],[86],[647],[536],[123],[958],[896],[400],[465],[44],[361],[714],[612],[638],[863],[64],[642],[153],[611],[282],[501],[805],[968],[782],[986],[304],[683],[547],[807],[706],[192],[805],[524],[409],[966],[661],[50],[881],[400],[928],[915],[531],[390],[472],[393],[974],[497],[670],[834],[364],[805]
407,[687],[723],[811],[908],[685],[417],[98],[220],[255],[183],[817],[738],[13],[300],[820],[579],[597],[383],[786],[201],[441],[470],[234],[455],[21],[616],[884],[922],[206],[146],[555],[363],[45],[421],[427],[200],[119],[209],[431],[700],[883],[30],[711],[881],[465],[682],[858],[454],[76],[424],[497],[558],[311],[532],[419],[160],[54],[780],[863],[349],[565],[303],[114],[623],[900],[133],[984],[357],[707],[606],[135],[712],[596],[141],[631],[126],[196],[603],[545],[959],[347],[208],[129],[69],[477],[247],[463],[569],[942],[754],[851],[209],[581],[440],[962],[840],[318],[560],[777],[679]
408,[919],[994],[966],[564],[21],[900],[339],[402],[244],[187],[582],[212],[366],[589],[807],[187],[435],[317],[87],[437],[589],[426],[624],[865],[497],[686],[33],[426],[422],[489],[623],[554],[365],[219],[761],[813],[390],[131],[230],[287],[302],[684],[200],[475],[214],[50],[93],[390],[754],[783],[874],[747],[851],[166],[717],[51],[409],[467],[249],[929],[774],[219],[274],[25],[461],[494],[111],[694],[904],[829],[562],[249],[121],[699],[964],[774],[382],[712],[122],[588],[233],[226],[186],[215],[761],[891],[7],[78],[399],[352],[957],[198],[537],[543],[987],[424],[450],[126],[69],[800]
409,[390],[169],[449],[663],[653],[191],[977],[32],[836],[916],[903],[431],[674],[678],[619],[495],[348],[593],[372],[88],[812],[938],[354],[985],[358],[597],[990],[755],[228],[406],[477],[235],[782],[812],[783],[751],[717],[831],[492],[249],[265],[649],[767],[283],[713],[698],[392],[490],[735],[415],[521],[297],[864],[137],[132],[467],[19],[973],[196],[224],[279],[701],[731],[893],[907],[918],[799],[520],[149],[235],[273],[167],[27],[561],[246],[149],[688],[126],[72],[825],[276],[306],[416],[456],[739],[568],[731],[513],[8],[992],[557],[63],[396],[117],[341],[230],[248],[376],[296],[969]
410,[134],[288],[546],[692],[189],[95],[41],[134],[764],[511],[169],[186],[138],[254],[555],[418],[123],[852],[871],[583],[246],[892],[371],[509],[996],[633],[886],[114],[818],[959],[82],[790],[13],[79],[434],[88],[192],[544],[35],[361],[171],[275],[561],[626],[428],[406],[621],[278],[58],[854],[935],[392],[992],[955],[366],[928],[403],[729],[26],[579],[689],[845],[117],[732],[168],[816],[415],[101],[163],[608],[769],[233],[99],[888],[754],[211],[99],[290],[765],[747],[475],[698],[938],[776],[727],[92],[293],[56],[647],[349],[994],[534],[593],[337],[511],[691],[565],[364],[570],[54]
411,[400],[604],[793],[516],[317],[165],[449],[861],[427],[212],[796],[179],[151],[367],[543],[806],[638],[895],[516],[354],[406],[276],[343],[145],[270],[977],[289],[832],[840],[484],[612],[826],[250],[908],[684],[184],[176],[351],[268],[825],[61],[827],[307],[841],[571],[470],[468],[486],[198],[552],[88],[808],[430],[881],[488],[136],[354],[431],[923],[699],[361],[827],[653],[313],[308],[696],[842],[674],[785],[302],[161],[770],[502],[203],[691],[855],[198],[549],[843],[992],[186],[482],[354],[584],[349],[428],[389],[326],[325],[710],[944],[174],[991],[262],[964],[222],[607],[661],[401],[259]
412,[951],[276],[229],[125],[55],[288],[44],[504],[887],[841],[557],[829],[253],[773],[255],[787],[354],[260],[568],[296],[537],[326],[105],[808],[314],[826],[654],[209],[953],[100],[549],[932],[150],[805],[49],[851],[321],[134],[493],[928],[813],[549],[807],[560],[593],[444],[541],[513],[555],[289],[281],[575],[390],[449],[459],[197],[466],[316],[774],[32],[432],[811],[890],[196],[742],[561],[36],[626],[679],[832],[628],[126],[199],[512],[242],[809],[610],[169],[666],[256],[0],[981],[540],[986],[252],[56],[623],[88],[427],[938],[1],[941],[936],[249],[91],[968],[897],[992],[484],[638]
413,[686],[136],[579],[203],[92],[135],[160],[339],[61],[568],[207],[723],[758],[705],[570],[422],[485],[292],[670],[847],[137],[785],[560],[444],[565],[13],[554],[309],[198],[964],[373],[880],[242],[48],[726],[111],[716],[548],[827],[985],[821],[168],[102],[458],[971],[686],[142],[672],[731],[807],[58],[825],[893],[799],[395],[852],[997],[657],[843],[203],[931],[643],[10],[666],[522],[14],[2],[199],[761],[2],[42],[145],[468],[68],[364],[38],[170],[297],[63],[184],[127],[915],[769],[919],[797],[266],[220],[852],[630],[800],[867],[545],[12],[120],[316],[181],[585],[258],[443],[810]
414,[683],[928],[102],[567],[343],[889],[314],[897],[371],[551],[475],[128],[988],[101],[801],[635],[956],[556],[73],[287],[244],[679],[893],[226],[16],[984],[138],[430],[989],[581],[891],[530],[523],[409],[828],[0],[771],[706],[293],[226],[491],[515],[669],[236],[804],[877],[923],[918],[289],[672],[597],[771],[326],[363],[575],[799],[836],[507],[41],[802],[354],[663],[244],[824],[956],[113],[829],[892],[726],[86],[276],[173],[104],[900],[869],[593],[426],[237],[732],[826],[288],[978],[536],[339],[483],[785],[606],[201],[196],[195],[384],[567],[97],[584],[432],[853],[13],[354],[141],[854]
415,[179],[280],[784],[481],[7],[138],[824],[359],[711],[586],[204],[392],[475],[432],[581],[243],[173],[558],[84],[152],[653],[192],[456],[497],[574],[761],[694],[874],[537],[183],[478],[868],[637],[656],[545],[758],[765],[861],[458],[173],[768],[734],[686],[400],[538],[58],[131],[556],[239],[496],[34],[743],[299],[980],[599],[75],[24],[386],[689],[708],[129],[728],[165],[451],[639],[297],[369],[703],[442],[199],[459],[755],[737],[124],[363],[97],[323],[992],[513],[938],[484],[368],[894],[152],[882],[497],[200],[401],[883],[312],[542],[101],[38],[361],[842],[516],[455],[941],[374],[146]
416,[297],[496],[809],[116],[262],[814],[10],[469],[831],[762],[559],[755],[483],[524],[679],[419],[422],[731],[838],[805],[623],[976],[99],[554],[598],[649],[737],[132],[936],[102],[624],[700],[919],[168],[898],[345],[410],[506],[873],[305],[856],[871],[33],[136],[687],[601],[505],[129],[914],[306],[936],[547],[365],[958],[237],[624],[632],[432],[962],[741],[577],[681],[738],[703],[990],[24],[69],[667],[409],[990],[495],[422],[542],[240],[370],[111],[326],[540],[524],[319],[330],[692],[190],[392],[339],[516],[232],[674],[164],[588],[641],[124],[836],[404],[874],[356],[593],[464],[904],[72]
417,[99],[130],[230],[337],[27],[800],[957],[360],[653],[593],[376],[620],[562],[170],[15],[129],[252],[417],[520],[136],[125],[437],[336],[468],[754],[554],[379],[233],[435],[573],[431],[582],[810],[426],[257],[904],[635],[886],[896],[741],[923],[956],[321],[246],[310],[115],[140],[658],[781],[500],[743],[732],[483],[384],[981],[53],[503],[259],[162],[753],[78],[626],[11],[622],[86],[600],[980],[991],[195],[172],[608],[580],[814],[539],[588],[314],[633],[580],[799],[884],[914],[317],[688],[838],[725],[766],[901],[739],[176],[964],[289],[382],[997],[344],[319],[108],[150],[531],[431],[96]
418,[220],[791],[681],[350],[14],[693],[249],[612],[147],[62],[342],[674],[509],[288],[749],[74],[596],[34],[779],[288],[962],[712],[38],[548],[726],[433],[342],[626],[273],[667],[372],[213],[809],[647],[716],[572],[655],[359],[487],[384],[696],[587],[318],[215],[882],[814],[165],[644],[832],[73],[270],[995],[745],[297],[978],[297],[254],[683],[191],[408],[569],[495],[253],[167],[493],[703],[21],[993],[245],[780],[714],[163],[280],[664],[444],[676],[589],[776],[18],[615],[546],[619],[497],[532],[287],[614],[398],[546],[850],[902],[23],[423],[231],[425],[803],[894],[792],[401],[263],[179]
419,[425],[79],[733],[986],[242],[316],[18],[918],[59],[995],[485],[87],[111],[191],[912],[255],[431],[943],[683],[112],[59],[101],[945],[945],[701],[543],[421],[126],[916],[652],[558],[119],[315],[307],[536],[261],[372],[495],[313],[735],[697],[689],[514],[84],[940],[556],[124],[661],[752],[975],[102],[907],[70],[209],[891],[600],[59],[448],[80],[496],[406],[770],[669],[706],[357],[381],[306],[664],[781],[129],[31],[789],[545],[475],[557],[698],[675],[731],[724],[227],[168],[897],[346],[99],[39],[894],[762],[306],[748],[577],[167],[609],[305],[155],[157],[274],[467],[924],[747],[799]
420,[368],[813],[218],[366],[314],[599],[767],[562],[701],[56],[821],[689],[691],[414],[853],[87],[592],[840],[546],[795],[657],[666],[562],[897],[936],[406],[32],[8],[361],[957],[426],[890],[124],[167],[163],[73],[159],[182],[804],[749],[199],[748],[23],[913],[609],[104],[769],[709],[380],[260],[523],[258],[624],[163],[652],[939],[363],[60],[200],[121],[142],[661],[378],[654],[998],[520],[648],[592],[691],[570],[240],[745],[330],[548],[410],[432],[162],[617],[991],[648],[237],[608],[822],[354],[266],[418],[529],[14],[341],[176],[356],[491],[824],[187],[971],[357],[998],[962],[768],[329]
421,[248],[902],[201],[659],[723],[370],[438],[975],[861],[993],[722],[749],[900],[922],[280],[52],[20],[939],[777],[615],[931],[953],[351],[508],[29],[150],[786],[443],[489],[126],[689],[101],[65],[976],[512],[708],[362],[834],[862],[145],[312],[808],[853],[817],[441],[468],[265],[124],[569],[733],[962],[596],[753],[661],[127],[677],[16],[549],[581],[9],[499],[182],[654],[443],[508],[851],[373],[903],[49],[69],[722],[315],[708],[267],[666],[322],[77],[645],[900],[35],[341],[928],[825],[398],[123],[392],[504],[657],[603],[370],[704],[379],[859],[760],[635],[527],[962],[567],[482],[983]
422,[981],[175],[232],[88],[185],[156],[353],[658],[913],[19],[305],[25],[81],[64],[39],[476],[537],[720],[404],[553],[545],[479],[73],[122],[446],[665],[105],[780],[254],[38],[811],[926],[630],[674],[251],[842],[945],[464],[626],[405],[736],[631],[847],[192],[540],[272],[225],[158],[656],[515],[575],[207],[177],[375],[437],[13],[430],[957],[171],[81],[619],[18],[940],[414],[447],[334],[204],[887],[813],[202],[920],[68],[49],[933],[844],[195],[31],[135],[187],[708],[299],[961],[932],[312],[139],[874],[52],[363],[411],[366],[314],[749],[716],[169],[17],[744],[943],[906],[934],[982]
423,[247],[477],[842],[396],[252],[508],[664],[482],[773],[95],[694],[157],[690],[471],[784],[354],[714],[30],[91],[13],[889],[463],[725],[461],[662],[230],[633],[988],[784],[968],[536],[916],[845],[86],[734],[108],[509],[517],[88],[653],[372],[922],[377],[749],[245],[155],[379],[478],[444],[836],[252],[78],[455],[544],[582],[604],[169],[851],[892],[10],[794],[307],[965],[635],[590],[4],[149],[877],[900],[919],[814],[710],[164],[778],[608],[8],[737],[649],[750],[510],[706],[838],[905],[344],[357],[752],[122],[454],[157],[309],[350],[892],[121],[478],[20],[400],[169],[646],[197],[784]
424,[275],[538],[795],[47],[571],[91],[674],[159],[201],[649],[42],[441],[273],[31],[199],[543],[473],[348],[366],[10],[976],[763],[373],[423],[824],[731],[822],[41],[499],[221],[860],[417],[314],[277],[735],[698],[923],[858],[865],[478],[800],[789],[2],[336],[700],[850],[994],[574],[4],[947],[432],[50],[165],[413],[42],[15],[67],[383],[66],[253],[256],[668],[32],[723],[104],[614],[597],[158],[85],[13],[866],[254],[200],[393],[112],[31],[687],[841],[531],[514],[948],[384],[220],[223],[271],[404],[627],[419],[449],[513],[617],[93],[578],[602],[302],[930],[595],[8],[464],[402]
425,[43],[656],[698],[803],[166],[193],[971],[654],[134],[843],[943],[240],[293],[896],[142],[267],[870],[596],[454],[78],[378],[233],[334],[387],[533],[532],[735],[928],[188],[575],[977],[239],[646],[181],[942],[764],[551],[920],[404],[65],[765],[865],[643],[875],[712],[120],[478],[68],[809],[220],[508],[966],[940],[639],[309],[853],[143],[966],[0],[679],[182],[994],[442],[388],[753],[416],[440],[58],[941],[325],[619],[720],[228],[608],[798],[302],[545],[895],[838],[714],[934],[742],[405],[506],[623],[25],[382],[813],[84],[802],[676],[310],[605],[801],[702],[644],[346],[895],[542],[556]
426,[539],[883],[693],[550],[360],[840],[558],[392],[879],[520],[797],[791],[510],[139],[557],[864],[172],[23],[427],[43],[749],[956],[830],[785],[868],[627],[164],[892],[202],[757],[304],[174],[27],[611],[246],[279],[911],[281],[419],[191],[163],[297],[462],[855],[701],[229],[289],[447],[6],[497],[295],[244],[119],[548],[166],[149],[259],[420],[848],[23],[220],[37],[198],[90],[295],[988],[232],[982],[109],[15],[957],[187],[673],[837],[427],[550],[480],[587],[712],[878],[631],[72],[101],[13],[868],[983],[274],[131],[888],[42],[657],[44],[872],[827],[532],[183],[170],[737],[549],[927]
427,[203],[486],[144],[411],[941],[679],[545],[556],[563],[5],[4],[847],[882],[857],[535],[484],[227],[580],[715],[374],[245],[603],[55],[982],[924],[882],[15],[92],[244],[158],[292],[488],[489],[309],[296],[370],[27],[941],[244],[255],[535],[352],[756],[44],[511],[419],[919],[180],[717],[163],[577],[102],[137],[341],[655],[533],[423],[332],[505],[19],[175],[157],[963],[140],[803],[473],[757],[886],[131],[926],[241],[872],[812],[24],[843],[266],[288],[855],[593],[542],[632],[676],[79],[186],[414],[456],[94],[769],[92],[995],[502],[538],[175],[605],[952],[697],[690],[271],[65],[786]
428,[207],[494],[69],[437],[969],[613],[167],[694],[178],[475],[173],[999],[564],[129],[80],[72],[680],[402],[654],[830],[721],[419],[295],[653],[970],[500],[722],[719],[586],[701],[840],[135],[43],[913],[187],[598],[668],[335],[635],[742],[333],[212],[682],[805],[284],[949],[988],[963],[204],[709],[812],[607],[14],[551],[551],[679],[184],[46],[869],[197],[829],[793],[994],[277],[53],[468],[902],[656],[928],[744],[342],[659],[860],[57],[478],[21],[125],[498],[728],[808],[720],[94],[39],[315],[64],[63],[177],[86],[336],[996],[727],[963],[444],[599],[984],[948],[816],[273],[46],[633]
429,[292],[312],[190],[735],[783],[487],[457],[649],[396],[345],[934],[799],[985],[958],[574],[503],[692],[481],[791],[729],[154],[913],[794],[764],[113],[400],[237],[682],[143],[572],[712],[406],[811],[295],[373],[684],[656],[434],[622],[756],[100],[906],[56],[637],[872],[502],[473],[740],[864],[150],[365],[387],[505],[698],[321],[815],[376],[210],[623],[822],[358],[814],[487],[786],[319],[752],[869],[729],[217],[590],[327],[730],[599],[595],[345],[963],[697],[300],[978],[369],[845],[307],[775],[517],[225],[675],[178],[623],[45],[619],[793],[647],[17],[804],[408],[435],[197],[70],[140],[837]
430,[523],[609],[171],[845],[990],[318],[361],[595],[203],[274],[905],[743],[173],[60],[439],[79],[505],[214],[806],[379],[647],[289],[23],[446],[22],[410],[488],[627],[880],[621],[629],[993],[410],[566],[619],[676],[428],[101],[254],[796],[545],[128],[240],[124],[773],[124],[293],[429],[452],[433],[106],[288],[80],[616],[496],[300],[325],[776],[680],[129],[280],[853],[345],[933],[364],[517],[633],[331],[151],[132],[115],[644],[8],[437],[682],[357],[644],[358],[238],[244],[121],[289],[351],[864],[329],[233],[590],[822],[58],[20],[598],[297],[678],[321],[836],[452],[610],[767],[32],[410]
431,[150],[463],[603],[658],[617],[710],[961],[354],[327],[805],[883],[823],[672],[900],[810],[9],[372],[428],[731],[599],[941],[416],[47],[874],[693],[537],[591],[74],[339],[648],[609],[663],[170],[733],[961],[214],[677],[288],[349],[722],[187],[874],[32],[409],[625],[387],[8],[616],[185],[308],[114],[694],[744],[854],[423],[356],[30],[890],[440],[356],[451],[417],[996],[779],[128],[544],[167],[760],[112],[149],[324],[886],[530],[766],[950],[171],[322],[565],[700],[889],[229],[33],[732],[377],[323],[844],[301],[403],[80],[385],[518],[910],[269],[195],[444],[597],[95],[511],[497],[260]
432,[106],[598],[634],[142],[662],[630],[816],[988],[395],[195],[844],[802],[974],[41],[254],[181],[256],[473],[465],[639],[864],[461],[91],[647],[935],[696],[315],[958],[104],[258],[492],[77],[63],[146],[932],[313],[212],[943],[96],[55],[909],[376],[870],[956],[236],[327],[538],[929],[1],[290],[423],[658],[298],[638],[259],[16],[295],[895],[817],[288],[405],[740],[152],[335],[226],[878],[245],[260],[546],[226],[821],[222],[25],[542],[133],[547],[912],[471],[962],[47],[123],[607],[791],[411],[249],[86],[361],[134],[525],[426],[615],[414],[221],[149],[937],[151],[37],[566],[737],[690]
433,[853],[881],[682],[704],[124],[807],[945],[88],[797],[592],[151],[745],[832],[76],[390],[626],[510],[604],[97],[910],[151],[17],[970],[215],[843],[650],[156],[424],[978],[192],[421],[225],[405],[20],[688],[274],[81],[919],[586],[29],[55],[994],[327],[623],[554],[886],[427],[787],[101],[401],[351],[80],[4],[945],[522],[219],[362],[36],[481],[782],[374],[642],[531],[980],[442],[252],[98],[381],[495],[293],[173],[227],[834],[265],[775],[510],[678],[970],[356],[311],[434],[829],[147],[113],[104],[149],[763],[150],[781],[971],[875],[263],[903],[314],[977],[603],[894],[656],[589],[469]
434,[691],[287],[353],[24],[358],[876],[931],[847],[998],[129],[764],[656],[694],[199],[434],[209],[979],[792],[691],[905],[724],[110],[691],[780],[837],[550],[804],[213],[190],[758],[93],[618],[95],[165],[812],[60],[876],[585],[423],[487],[964],[806],[163],[343],[415],[927],[667],[463],[329],[790],[889],[623],[441],[452],[883],[138],[87],[66],[782],[446],[818],[434],[9],[416],[444],[694],[347],[908],[677],[957],[425],[303],[573],[140],[803],[538],[353],[934],[903],[895],[40],[75],[690],[205],[490],[239],[13],[782],[766],[356],[597],[664],[451],[505],[893],[237],[466],[300],[562],[916]
435,[811],[773],[800],[722],[760],[777],[815],[940],[157],[13],[615],[218],[607],[124],[811],[624],[967],[913],[923],[197],[684],[353],[954],[881],[998],[142],[59],[691],[872],[607],[194],[517],[900],[152],[497],[529],[727],[536],[161],[529],[358],[997],[398],[783],[414],[26],[85],[275],[841],[51],[474],[34],[404],[304],[37],[189],[827],[829],[677],[143],[438],[51],[79],[525],[230],[502],[386],[348],[134],[184],[239],[413],[790],[794],[660],[559],[636],[415],[118],[963],[122],[373],[753],[948],[839],[611],[546],[522],[825],[130],[483],[196],[138],[446],[113],[670],[523],[27],[587],[514]
436,[55],[796],[618],[191],[830],[184],[523],[728],[337],[606],[315],[383],[92],[774],[497],[642],[319],[809],[713],[678],[90],[658],[350],[28],[361],[295],[563],[451],[425],[841],[103],[346],[55],[570],[69],[349],[731],[595],[960],[679],[255],[975],[554],[678],[188],[249],[875],[14],[274],[896],[788],[333],[581],[433],[772],[629],[187],[700],[626],[426],[248],[513],[412],[752],[557],[469],[796],[738],[18],[920],[752],[541],[735],[988],[778],[188],[13],[455],[418],[814],[827],[462],[314],[230],[176],[211],[87],[137],[561],[705],[870],[473],[862],[656],[340],[238],[255],[390],[584],[823]
437,[366],[250],[51],[204],[490],[619],[380],[174],[747],[566],[29],[579],[485],[398],[959],[657],[542],[274],[663],[761],[324],[637],[204],[857],[229],[565],[429],[133],[359],[10],[57],[54],[506],[84],[24],[800],[306],[872],[782],[543],[77],[87],[205],[280],[53],[751],[732],[377],[494],[700],[369],[234],[705],[864],[500],[338],[284],[646],[757],[201],[780],[802],[938],[255],[424],[72],[92],[848],[703],[622],[314],[242],[419],[573],[78],[944],[627],[827],[162],[764],[266],[421],[871],[856],[980],[648],[600],[16],[851],[257],[30],[885],[962],[116],[366],[977],[385],[29],[924],[107]
438,[899],[30],[361],[681],[877],[954],[577],[557],[852],[872],[184],[944],[610],[698],[962],[651],[34],[765],[130],[758],[825],[59],[14],[360],[691],[106],[299],[439],[813],[909],[418],[222],[240],[256],[753],[306],[381],[809],[747],[664],[5],[853],[227],[9],[159],[398],[216],[46],[513],[600],[937],[985],[144],[291],[699],[262],[391],[129],[740],[469],[710],[166],[33],[670],[409],[207],[30],[960],[574],[709],[792],[917],[337],[824],[462],[366],[597],[999],[429],[325],[452],[716],[221],[710],[663],[271],[522],[279],[115],[598],[310],[712],[972],[589],[23],[861],[545],[35],[299],[228]
439,[816],[548],[647],[494],[209],[557],[842],[721],[568],[956],[980],[922],[416],[827],[723],[453],[111],[303],[661],[782],[801],[518],[479],[301],[224],[126],[293],[243],[996],[20],[617],[612],[831],[159],[204],[98],[238],[20],[360],[599],[611],[766],[985],[120],[694],[558],[796],[466],[72],[354],[487],[221],[496],[986],[733],[242],[450],[710],[727],[593],[375],[446],[761],[34],[85],[837],[73],[265],[736],[726],[675],[982],[842],[423],[643],[201],[929],[424],[127],[870],[851],[875],[255],[989],[747],[955],[691],[599],[124],[202],[607],[103],[622],[15],[251],[37],[382],[908],[598],[632]
440,[29],[755],[910],[599],[574],[305],[982],[63],[593],[21],[357],[283],[359],[490],[330],[896],[513],[868],[352],[594],[273],[546],[383],[492],[249],[246],[576],[950],[555],[311],[753],[435],[213],[273],[71],[505],[373],[420],[801],[643],[405],[241],[662],[441],[46],[407],[581],[775],[600],[217],[977],[170],[386],[923],[894],[252],[34],[499],[382],[31],[230],[437],[357],[604],[644],[832],[163],[125],[754],[975],[71],[938],[274],[588],[484],[381],[446],[891],[448],[451],[567],[461],[828],[440],[354],[924],[360],[988],[72],[603],[974],[60],[459],[482],[776],[886],[489],[655],[101],[763]
441,[428],[858],[436],[867],[734],[574],[17],[489],[332],[514],[820],[94],[90],[518],[560],[849],[170],[957],[728],[239],[659],[455],[850],[774],[759],[158],[90],[489],[295],[557],[195],[293],[867],[59],[568],[117],[165],[460],[822],[339],[578],[579],[52],[869],[762],[666],[672],[309],[556],[984],[964],[55],[246],[260],[685],[177],[688],[502],[815],[725],[803],[192],[260],[808],[782],[158],[994],[820],[819],[669],[664],[232],[702],[552],[876],[792],[569],[967],[630],[811],[262],[313],[952],[886],[564],[410],[160],[627],[407],[808],[383],[82],[371],[296],[524],[219],[513],[350],[826],[540]
442,[741],[539],[808],[675],[453],[86],[236],[696],[919],[537],[484],[861],[231],[977],[60],[25],[735],[306],[354],[943],[310],[866],[810],[45],[404],[852],[842],[552],[481],[885],[91],[773],[356],[61],[652],[850],[821],[425],[262],[813],[607],[840],[701],[317],[6],[432],[396],[27],[598],[626],[949],[293],[711],[546],[402],[551],[355],[633],[678],[521],[922],[395],[726],[116],[733],[826],[837],[724],[370],[994],[570],[237],[985],[549],[132],[617],[352],[661],[525],[62],[782],[938],[475],[955],[169],[939],[568],[81],[657],[926],[555],[69],[165],[124],[311],[132],[780],[426],[666],[150]
443,[587],[702],[48],[432],[881],[635],[207],[999],[398],[925],[182],[333],[622],[704],[229],[581],[440],[176],[359],[230],[590],[961],[98],[452],[299],[156],[107],[857],[64],[14],[665],[175],[890],[112],[845],[31],[411],[430],[772],[269],[42],[645],[574],[555],[496],[194],[455],[218],[737],[746],[535],[236],[20],[591],[771],[436],[955],[48],[733],[533],[161],[638],[740],[625],[604],[706],[699],[276],[916],[701],[432],[64],[544],[174],[249],[71],[11],[393],[801],[403],[846],[532],[667],[779],[524],[427],[982],[224],[170],[677],[472],[291],[978],[516],[202],[318],[904],[4],[16],[645]
444,[218],[478],[598],[189],[356],[450],[144],[256],[772],[369],[206],[948],[161],[176],[876],[85],[914],[301],[825],[919],[158],[988],[983],[395],[799],[920],[847],[189],[77],[362],[208],[477],[197],[840],[971],[681],[379],[290],[857],[92],[98],[166],[919],[501],[624],[480],[570],[510],[932],[847],[774],[819],[908],[390],[817],[562],[534],[849],[862],[348],[969],[317],[115],[101],[187],[365],[473],[200],[570],[238],[512],[445],[356],[233],[528],[238],[471],[659],[28],[80],[171],[359],[672],[174],[55],[834],[105],[651],[996],[43],[836],[785],[917],[434],[263],[358],[122],[180],[416],[155]
445,[831],[611],[672],[444],[383],[245],[740],[923],[663],[14],[566],[796],[360],[516],[123],[525],[380],[53],[591],[206],[782],[594],[341],[858],[929],[342],[587],[177],[49],[855],[652],[959],[50],[747],[26],[463],[123],[820],[12],[3],[936],[876],[161],[53],[568],[711],[701],[18],[658],[173],[200],[802],[533],[407],[230],[875],[572],[369],[376],[317],[824],[102],[217],[162],[556],[653],[298],[268],[518],[662],[554],[685],[804],[513],[387],[241],[948],[524],[208],[258],[588],[699],[564],[457],[789],[719],[983],[757],[553],[127],[661],[541],[764],[862],[557],[760],[671],[660],[851],[733]
446,[684],[233],[782],[624],[474],[763],[592],[209],[735],[69],[515],[107],[520],[230],[217],[253],[457],[81],[898],[728],[62],[13],[222],[465],[589],[996],[808],[862],[891],[159],[367],[634],[823],[161],[139],[480],[256],[129],[657],[283],[345],[553],[717],[723],[215],[11],[431],[922],[389],[111],[783],[324],[217],[640],[416],[43],[549],[704],[22],[650],[181],[745],[661],[456],[718],[554],[180],[248],[788],[946],[89],[578],[809],[772],[811],[232],[984],[97],[236],[189],[445],[23],[903],[296],[590],[651],[838],[630],[648],[893],[611],[691],[534],[476],[910],[768],[109],[400],[503],[81]
447,[151],[42],[988],[731],[562],[819],[158],[632],[672],[986],[386],[194],[295],[734],[945],[595],[982],[996],[699],[898],[600],[330],[629],[477],[7],[858],[400],[257],[648],[813],[984],[520],[997],[212],[435],[115],[14],[742],[580],[745],[691],[13],[693],[190],[740],[86],[861],[687],[396],[86],[476],[177],[294],[517],[818],[531],[438],[53],[47],[409],[461],[655],[675],[768],[602],[749],[257],[431],[558],[698],[213],[551],[11],[224],[86],[280],[740],[828],[980],[709],[770],[644],[544],[452],[79],[277],[175],[367],[260],[90],[66],[946],[880],[964],[183],[733],[457],[892],[743],[681]
448,[129],[574],[482],[813],[915],[286],[68],[836],[370],[59],[78],[261],[909],[457],[475],[648],[538],[164],[180],[557],[604],[561],[573],[666],[169],[351],[367],[455],[715],[176],[491],[161],[762],[466],[428],[548],[725],[807],[106],[955],[944],[23],[784],[968],[523],[446],[815],[387],[191],[591],[532],[951],[777],[76],[66],[787],[367],[291],[128],[314],[13],[32],[222],[838],[618],[903],[52],[292],[81],[605],[174],[309],[935],[864],[765],[504],[61],[178],[825],[606],[17],[945],[474],[395],[434],[652],[11],[684],[128],[788],[633],[649],[588],[725],[766],[441],[682],[26],[977],[653]
449,[918],[721],[623],[883],[164],[58],[924],[93],[237],[715],[970],[409],[311],[897],[559],[738],[157],[773],[990],[721],[148],[611],[776],[597],[940],[14],[162],[339],[566],[852],[786],[198],[190],[880],[111],[807],[570],[232],[823],[418],[605],[599],[601],[619],[777],[423],[34],[615],[553],[459],[613],[880],[899],[33],[148],[77],[183],[313],[659],[254],[828],[967],[567],[402],[98],[991],[514],[313],[14],[233],[378],[401],[369],[533],[20],[488],[768],[503],[904],[37],[882],[982],[457],[619],[463],[287],[39],[974],[756],[382],[590],[519],[35],[687],[242],[244],[568],[346],[85],[575]
450,[460],[715],[92],[44],[579],[652],[997],[145],[718],[881],[732],[225],[443],[259],[376],[891],[160],[634],[185],[154],[58],[80],[429],[420],[961],[68],[702],[526],[65],[521],[476],[287],[880],[498],[3],[582],[594],[614],[194],[799],[608],[676],[474],[716],[803],[555],[170],[903],[640],[144],[155],[670],[131],[626],[394],[658],[498],[55],[736],[961],[440],[212],[140],[216],[919],[747],[456],[38],[748],[998],[476],[909],[961],[718],[233],[987],[980],[872],[569],[356],[76],[582],[298],[983],[862],[37],[543],[35],[183],[157],[849],[111],[113],[469],[731],[442],[644],[23],[355],[587]
451,[157],[23],[501],[711],[47],[324],[23],[449],[117],[824],[812],[367],[139],[36],[529],[375],[604],[909],[725],[445],[872],[295],[694],[645],[480],[926],[682],[706],[231],[848],[243],[90],[597],[917],[921],[33],[94],[315],[256],[873],[661],[214],[106],[999],[824],[702],[803],[738],[116],[990],[137],[691],[446],[487],[430],[884],[61],[194],[120],[105],[938],[367],[354],[679],[939],[682],[107],[107],[352],[546],[670],[146],[777],[853],[661],[673],[958],[640],[595],[416],[147],[616],[662],[489],[901],[36],[551],[659],[801],[798],[240],[467],[286],[751],[894],[324],[156],[732],[863],[856]
452,[790],[349],[605],[346],[626],[633],[912],[729],[822],[518],[332],[685],[791],[372],[288],[212],[744],[521],[738],[71],[601],[664],[695],[835],[750],[673],[651],[841],[718],[387],[334],[627],[595],[230],[438],[551],[12],[727],[190],[74],[145],[981],[85],[864],[799],[734],[870],[237],[8],[149],[356],[550],[454],[483],[523],[239],[401],[41],[983],[455],[678],[438],[505],[982],[698],[801],[670],[261],[917],[252],[843],[158],[392],[249],[342],[567],[594],[61],[506],[193],[669],[710],[801],[306],[749],[774],[748],[380],[662],[528],[884],[89],[986],[517],[449],[515],[222],[140],[830],[974]
453,[803],[156],[301],[613],[113],[772],[922],[408],[44],[653],[17],[577],[962],[680],[182],[202],[736],[277],[492],[298],[883],[861],[61],[48],[23],[407],[411],[804],[775],[135],[235],[199],[420],[525],[106],[52],[135],[23],[307],[194],[896],[655],[315],[523],[677],[85],[456],[998],[307],[570],[817],[772],[645],[495],[745],[243],[232],[733],[590],[439],[46],[121],[615],[75],[336],[144],[430],[693],[544],[966],[32],[602],[4],[592],[585],[625],[408],[791],[36],[688],[312],[853],[329],[277],[470],[371],[130],[846],[762],[94],[536],[820],[686],[484],[16],[628],[641],[235],[83],[8]
454,[969],[299],[10],[229],[64],[810],[434],[663],[834],[258],[98],[504],[746],[728],[417],[785],[40],[452],[377],[53],[386],[24],[340],[298],[688],[819],[432],[104],[534],[627],[251],[710],[270],[669],[239],[964],[446],[328],[112],[417],[130],[238],[466],[577],[328],[55],[857],[641],[582],[293],[650],[95],[105],[831],[640],[31],[649],[115],[791],[867],[915],[978],[53],[182],[155],[263],[783],[376],[147],[315],[255],[304],[187],[424],[894],[859],[50],[277],[160],[14],[883],[991],[943],[396],[535],[41],[515],[237],[572],[467],[260],[425],[456],[408],[223],[936],[210],[690],[27],[148]
455,[348],[258],[356],[676],[267],[587],[792],[767],[128],[951],[87],[976],[934],[233],[735],[835],[877],[811],[526],[232],[8],[984],[989],[911],[348],[540],[263],[618],[528],[168],[628],[548],[456],[370],[79],[535],[344],[635],[457],[763],[22],[709],[68],[425],[194],[835],[852],[973],[280],[706],[213],[204],[816],[406],[589],[458],[72],[503],[32],[704],[108],[375],[891],[690],[929],[927],[807],[328],[319],[134],[576],[85],[583],[407],[21],[557],[686],[251],[516],[973],[519],[84],[52],[746],[934],[932],[555],[163],[290],[104],[621],[175],[651],[474],[131],[392],[746],[614],[298],[268]
456,[651],[159],[615],[48],[817],[475],[702],[960],[927],[310],[945],[800],[981],[261],[851],[368],[707],[329],[910],[611],[748],[685],[876],[793],[120],[183],[75],[242],[512],[564],[63],[164],[563],[282],[634],[218],[55],[226],[817],[508],[377],[547],[100],[689],[745],[790],[390],[860],[424],[994],[238],[98],[895],[660],[658],[156],[618],[824],[608],[529],[972],[975],[982],[47],[435],[272],[426],[661],[226],[928],[417],[572],[298],[600],[432],[847],[163],[308],[860],[620],[594],[726],[312],[170],[149],[531],[366],[943],[654],[863],[2],[982],[896],[21],[475],[567],[960],[931],[599],[30]
457,[880],[336],[289],[245],[213],[680],[981],[629],[609],[733],[611],[715],[136],[708],[541],[237],[371],[231],[626],[520],[138],[909],[102],[624],[925],[263],[653],[528],[751],[903],[912],[737],[312],[539],[625],[461],[518],[973],[571],[974],[362],[777],[967],[647],[17],[511],[144],[348],[279],[828],[109],[462],[665],[582],[746],[951],[569],[923],[202],[305],[439],[595],[584],[914],[935],[184],[541],[414],[8],[877],[38],[92],[92],[375],[4],[736],[895],[154],[655],[155],[373],[177],[855],[720],[649],[458],[114],[444],[602],[393],[811],[43],[462],[270],[437],[920],[531],[725],[194],[972]
458,[80],[727],[576],[329],[891],[25],[47],[697],[721],[384],[490],[96],[100],[512],[934],[12],[45],[779],[513],[110],[134],[235],[745],[885],[436],[895],[329],[923],[170],[89],[801],[463],[765],[547],[623],[514],[76],[424],[969],[430],[335],[888],[812],[796],[796],[972],[41],[697],[209],[708],[193],[35],[693],[950],[212],[931],[651],[805],[871],[611],[173],[512],[744],[749],[125],[423],[924],[799],[388],[21],[941],[875],[172],[643],[359],[775],[529],[553],[813],[453],[281],[125],[983],[679],[374],[355],[771],[371],[997],[581],[681],[508],[831],[494],[604],[640],[322],[214],[225],[746]
459,[370],[711],[37],[237],[502],[485],[106],[708],[193],[529],[380],[626],[448],[396],[210],[315],[211],[579],[600],[800],[922],[447],[273],[868],[60],[19],[985],[870],[653],[497],[25],[420],[494],[544],[541],[520],[126],[228],[796],[874],[336],[879],[15],[285],[512],[496],[485],[50],[28],[52],[309],[347],[102],[212],[705],[648],[81],[879],[149],[689],[170],[823],[556],[99],[841],[552],[928],[419],[145],[345],[206],[930],[760],[977],[907],[627],[247],[235],[910],[623],[411],[394],[130],[252],[334],[833],[139],[978],[354],[607],[14],[694],[26],[561],[163],[376],[289],[881],[857],[551]
460,[598],[718],[709],[258],[697],[248],[151],[542],[42],[372],[478],[843],[652],[756],[97],[963],[777],[419],[344],[101],[538],[137],[932],[456],[904],[964],[959],[511],[743],[829],[626],[777],[618],[429],[863],[792],[732],[592],[258],[307],[35],[367],[234],[771],[586],[453],[51],[505],[676],[339],[315],[569],[269],[250],[900],[925],[838],[878],[464],[102],[476],[268],[711],[172],[578],[55],[985],[523],[840],[90],[849],[476],[247],[166],[720],[747],[580],[630],[819],[113],[331],[267],[394],[229],[302],[520],[124],[548],[539],[832],[911],[855],[323],[174],[289],[58],[146],[628],[409],[532]
461,[236],[272],[732],[687],[221],[281],[536],[687],[514],[296],[222],[541],[269],[521],[10],[654],[2],[540],[994],[971],[751],[570],[761],[471],[548],[949],[760],[427],[333],[863],[738],[551],[277],[690],[737],[283],[557],[148],[868],[238],[285],[604],[460],[260],[854],[851],[295],[535],[491],[428],[530],[513],[609],[490],[178],[978],[594],[696],[772],[557],[507],[152],[447],[886],[809],[448],[406],[243],[364],[72],[295],[688],[282],[667],[225],[804],[494],[77],[929],[784],[2],[748],[692],[36],[133],[62],[633],[303],[421],[582],[399],[383],[602],[582],[433],[154],[727],[179],[918],[846]
462,[407],[744],[684],[960],[451],[126],[798],[819],[970],[49],[314],[903],[259],[465],[239],[439],[253],[255],[523],[245],[620],[817],[466],[323],[94],[610],[583],[64],[366],[685],[854],[560],[212],[598],[200],[161],[371],[113],[723],[136],[269],[335],[638],[26],[57],[808],[285],[979],[312],[563],[800],[779],[732],[85],[953],[892],[509],[144],[878],[501],[796],[816],[49],[437],[232],[183],[620],[737],[239],[108],[386],[711],[641],[734],[240],[759],[223],[885],[53],[320],[894],[437],[248],[65],[950],[104],[733],[731],[374],[442],[887],[676],[609],[571],[148],[417],[701],[369],[627],[593]
463,[387],[43],[507],[354],[873],[629],[542],[671],[496],[611],[64],[576],[43],[82],[253],[446],[945],[782],[912],[119],[339],[458],[835],[8],[635],[890],[69],[68],[178],[394],[706],[968],[91],[643],[193],[351],[998],[550],[524],[591],[476],[584],[340],[385],[870],[207],[304],[91],[251],[969],[570],[870],[316],[298],[882],[48],[878],[124],[906],[177],[930],[154],[38],[807],[201],[951],[890],[447],[885],[869],[669],[663],[82],[793],[374],[230],[674],[463],[80],[74],[328],[340],[735],[446],[729],[326],[212],[604],[872],[922],[973],[811],[915],[799],[18],[278],[571],[472],[944],[844]
464,[360],[437],[163],[181],[973],[374],[192],[168],[97],[124],[489],[632],[550],[567],[620],[145],[828],[528],[863],[742],[688],[617],[605],[860],[763],[990],[346],[380],[97],[519],[842],[178],[303],[724],[596],[16],[223],[823],[590],[386],[682],[567],[197],[219],[766],[961],[66],[110],[534],[350],[310],[12],[925],[21],[959],[495],[673],[321],[264],[986],[467],[942],[97],[113],[544],[261],[701],[355],[394],[790],[51],[53],[816],[213],[586],[431],[502],[35],[943],[924],[491],[877],[468],[190],[498],[214],[305],[354],[167],[640],[274],[909],[606],[376],[344],[387],[35],[592],[767],[50]
465,[444],[377],[423],[984],[381],[164],[829],[714],[304],[999],[987],[442],[761],[269],[236],[105],[902],[61],[57],[651],[144],[786],[680],[837],[48],[593],[734],[144],[16],[198],[670],[369],[663],[875],[250],[316],[645],[609],[320],[514],[228],[990],[295],[202],[505],[878],[242],[451],[736],[31],[643],[897],[945],[931],[289],[872],[932],[561],[570],[752],[768],[4],[647],[44],[176],[35],[247],[948],[868],[803],[102],[735],[838],[912],[812],[128],[324],[210],[827],[350],[548],[442],[693],[425],[45],[168],[696],[793],[198],[233],[755],[764],[321],[522],[29],[364],[809],[994],[433],[413]
466,[153],[995],[529],[729],[862],[573],[312],[267],[95],[396],[121],[974],[102],[238],[621],[781],[608],[789],[369],[686],[50],[581],[953],[263],[971],[760],[898],[457],[280],[384],[257],[759],[322],[540],[119],[816],[83],[159],[999],[146],[121],[540],[681],[659],[189],[738],[892],[225],[956],[841],[486],[63],[616],[24],[698],[592],[944],[408],[420],[909],[629],[924],[401],[19],[372],[890],[236],[150],[637],[628],[450],[941],[556],[421],[761],[794],[548],[588],[837],[259],[397],[192],[238],[158],[259],[713],[342],[955],[897],[655],[501],[817],[495],[235],[389],[210],[99],[537],[253],[515]
467,[844],[99],[371],[34],[450],[337],[400],[312],[704],[557],[533],[13],[565],[186],[886],[799],[7],[185],[214],[442],[682],[803],[145],[422],[51],[171],[213],[773],[963],[444],[986],[723],[626],[633],[646],[948],[292],[615],[388],[571],[214],[169],[623],[92],[425],[449],[99],[868],[891],[583],[679],[369],[159],[1],[173],[710],[302],[754],[75],[735],[782],[603],[650],[86],[888],[190],[371],[761],[98],[330],[517],[545],[351],[468],[45],[893],[75],[209],[612],[954],[785],[546],[878],[801],[945],[459],[599],[615],[821],[998],[438],[497],[772],[857],[744],[16],[710],[505],[173],[903]
468,[766],[855],[103],[831],[78],[177],[364],[879],[642],[742],[680],[332],[966],[570],[998],[387],[363],[982],[869],[465],[147],[983],[937],[783],[291],[306],[935],[332],[900],[467],[352],[227],[337],[127],[851],[752],[175],[280],[340],[257],[339],[319],[441],[269],[129],[620],[612],[515],[149],[985],[68],[121],[935],[658],[308],[209],[316],[996],[100],[390],[79],[559],[71],[446],[317],[512],[978],[391],[738],[30],[366],[442],[262],[176],[63],[707],[178],[230],[553],[507],[648],[396],[412],[337],[244],[920],[413],[170],[507],[435],[658],[484],[774],[16],[568],[552],[136],[761],[35],[853]
469,[2],[465],[752],[944],[368],[380],[886],[273],[101],[967],[856],[961],[504],[668],[966],[234],[929],[344],[13],[127],[564],[560],[911],[90],[377],[941],[396],[648],[7],[793],[291],[804],[346],[961],[51],[359],[954],[249],[680],[789],[326],[717],[531],[582],[375],[979],[843],[520],[27],[153],[44],[209],[231],[28],[39],[595],[44],[846],[237],[665],[750],[153],[800],[637],[143],[336],[58],[770],[87],[144],[319],[130],[387],[384],[11],[209],[14],[140],[479],[472],[944],[951],[859],[360],[159],[970],[136],[815],[191],[936],[841],[122],[233],[110],[585],[446],[162],[347],[989],[349]
470,[59],[839],[364],[59],[930],[551],[828],[661],[512],[180],[67],[343],[944],[506],[761],[142],[326],[848],[178],[860],[70],[311],[768],[784],[220],[661],[500],[271],[358],[222],[764],[881],[34],[737],[192],[493],[257],[299],[911],[179],[806],[142],[698],[863],[33],[294],[407],[85],[464],[196],[969],[174],[142],[815],[507],[244],[726],[578],[111],[589],[882],[271],[519],[950],[311],[172],[246],[238],[528],[150],[956],[317],[910],[830],[365],[272],[506],[253],[301],[140],[120],[172],[57],[648],[684],[305],[107],[597],[977],[51],[397],[565],[152],[690],[671],[594],[579],[431],[612],[101]
471,[979],[260],[280],[966],[219],[944],[103],[190],[779],[161],[746],[592],[424],[73],[146],[777],[285],[170],[444],[432],[438],[821],[3],[32],[523],[298],[494],[751],[270],[274],[599],[684],[846],[893],[955],[924],[578],[465],[508],[27],[52],[41],[352],[937],[426],[479],[452],[637],[523],[193],[661],[141],[473],[408],[152],[923],[680],[869],[261],[24],[268],[73],[782],[796],[934],[514],[128],[114],[727],[438],[785],[384],[571],[850],[970],[410],[103],[82],[306],[593],[545],[170],[64],[813],[778],[912],[289],[417],[773],[742],[378],[830],[67],[325],[54],[434],[88],[942],[682],[366]
472,[695],[844],[120],[982],[605],[752],[979],[652],[129],[84],[85],[787],[675],[784],[551],[113],[439],[716],[428],[223],[543],[755],[860],[612],[242],[413],[121],[304],[962],[47],[512],[437],[395],[299],[447],[782],[956],[764],[666],[381],[864],[945],[167],[198],[75],[168],[351],[403],[426],[426],[811],[64],[884],[241],[348],[416],[927],[195],[38],[924],[976],[716],[467],[131],[510],[579],[692],[893],[70],[556],[278],[707],[722],[164],[28],[101],[2],[532],[815],[59],[597],[902],[506],[694],[56],[307],[750],[967],[483],[242],[182],[183],[744],[750],[98],[764],[805],[750],[449],[893]
473,[140],[638],[90],[756],[792],[109],[928],[793],[548],[480],[799],[821],[840],[964],[760],[224],[381],[599],[116],[490],[633],[274],[962],[340],[723],[517],[797],[259],[241],[431],[570],[483],[766],[671],[134],[293],[592],[512],[407],[323],[629],[137],[605],[14],[730],[963],[222],[2],[628],[663],[276],[467],[708],[2],[105],[711],[505],[974],[93],[825],[459],[792],[634],[667],[13],[8],[606],[768],[452],[68],[429],[519],[417],[294],[497],[74],[285],[448],[933],[864],[45],[174],[505],[32],[353],[575],[473],[156],[815],[49],[345],[219],[508],[835],[581],[444],[78],[648],[134],[332]
474,[312],[218],[235],[458],[871],[830],[590],[710],[905],[694],[946],[295],[19],[777],[992],[780],[125],[520],[473],[129],[2],[705],[703],[950],[142],[247],[13],[980],[561],[131],[865],[817],[855],[804],[115],[330],[194],[458],[216],[9],[615],[733],[370],[838],[368],[435],[939],[684],[133],[725],[231],[334],[844],[777],[93],[640],[554],[939],[931],[488],[747],[392],[511],[127],[488],[523],[831],[907],[43],[914],[272],[123],[429],[155],[195],[55],[542],[139],[69],[555],[406],[211],[15],[281],[375],[701],[472],[948],[392],[795],[251],[114],[822],[911],[164],[462],[596],[206],[45],[83]
475,[710],[257],[252],[689],[246],[137],[74],[865],[871],[294],[434],[789],[433],[500],[190],[6],[695],[771],[693],[266],[192],[198],[579],[657],[650],[793],[611],[819],[34],[400],[365],[543],[3],[90],[503],[127],[687],[895],[332],[527],[624],[833],[685],[879],[396],[513],[714],[436],[270],[229],[566],[896],[813],[917],[441],[811],[723],[940],[799],[827],[613],[449],[892],[763],[396],[759],[687],[594],[527],[46],[784],[327],[338],[910],[331],[458],[452],[947],[193],[920],[382],[495],[939],[863],[792],[75],[55],[42],[481],[529],[881],[488],[904],[719],[742],[519],[656],[616],[832],[322]
476,[623],[533],[619],[727],[950],[576],[639],[320],[948],[303],[548],[306],[632],[805],[74],[783],[732],[620],[268],[584],[554],[911],[166],[738],[624],[487],[933],[204],[594],[477],[566],[577],[421],[882],[409],[703],[704],[450],[656],[156],[596],[946],[794],[662],[494],[131],[17],[525],[383],[490],[325],[605],[781],[802],[12],[8],[815],[387],[502],[831],[595],[896],[297],[713],[329],[96],[87],[971],[515],[561],[878],[632],[34],[998],[653],[205],[49],[315],[891],[349],[158],[715],[754],[455],[702],[892],[332],[763],[601],[437],[5],[760],[625],[908],[790],[305],[530],[39],[879],[683]
477,[657],[770],[531],[771],[949],[110],[653],[726],[991],[792],[72],[33],[699],[868],[21],[5],[69],[755],[46],[443],[437],[494],[274],[439],[430],[912],[723],[589],[934],[615],[65],[943],[496],[599],[614],[935],[583],[385],[215],[428],[938],[436],[305],[596],[657],[389],[79],[208],[32],[745],[603],[478],[291],[534],[75],[323],[324],[317],[478],[550],[783],[893],[868],[137],[146],[408],[763],[370],[150],[944],[412],[993],[832],[205],[540],[699],[138],[378],[597],[842],[710],[167],[350],[70],[861],[285],[1],[217],[787],[776],[856],[315],[416],[583],[549],[514],[441],[276],[576],[838]
478,[469],[5],[814],[556],[174],[730],[239],[565],[985],[189],[967],[406],[696],[539],[915],[666],[748],[16],[349],[767],[930],[776],[357],[388],[38],[376],[794],[845],[148],[888],[588],[956],[580],[704],[468],[322],[861],[508],[726],[824],[375],[42],[815],[620],[420],[92],[127],[279],[786],[654],[799],[601],[126],[369],[798],[782],[682],[9],[554],[441],[711],[372],[623],[716],[620],[7],[706],[692],[344],[822],[379],[473],[863],[586],[833],[883],[298],[66],[885],[666],[642],[627],[933],[466],[612],[696],[970],[456],[566],[369],[688],[153],[684],[922],[312],[784],[132],[689],[698],[801]
479,[519],[654],[378],[278],[884],[8],[30],[849],[1],[610],[795],[84],[291],[881],[125],[991],[410],[198],[199],[5],[233],[707],[523],[703],[199],[878],[628],[989],[522],[305],[754],[607],[549],[692],[807],[339],[263],[999],[10],[267],[534],[293],[951],[355],[738],[293],[209],[502],[964],[928],[564],[310],[791],[723],[314],[67],[523],[248],[84],[119],[889],[93],[686],[417],[865],[226],[85],[646],[543],[112],[698],[813],[340],[915],[717],[37],[882],[96],[7],[272],[844],[837],[628],[267],[501],[156],[156],[879],[53],[378],[170],[899],[521],[842],[469],[118],[233],[716],[149],[641]
480,[603],[304],[138],[513],[513],[855],[233],[910],[809],[332],[360],[977],[814],[963],[939],[289],[843],[105],[269],[735],[887],[587],[348],[426],[168],[402],[773],[168],[816],[288],[119],[93],[471],[54],[889],[118],[812],[256],[681],[538],[885],[951],[20],[571],[815],[351],[192],[404],[955],[145],[860],[577],[51],[909],[550],[60],[793],[350],[925],[91],[817],[807],[20],[464],[225],[103],[854],[50],[831],[20],[136],[291],[114],[604],[958],[45],[827],[272],[288],[145],[364],[583],[104],[153],[57],[18],[787],[639],[288],[411],[388],[986],[854],[696],[570],[279],[713],[353],[39],[396]
481,[676],[951],[861],[335],[945],[818],[351],[75],[72],[947],[690],[455],[838],[566],[161],[89],[499],[179],[892],[462],[348],[573],[6],[274],[538],[844],[414],[724],[114],[747],[713],[8],[436],[157],[665],[99],[473],[369],[152],[660],[158],[64],[887],[487],[249],[260],[451],[7],[106],[349],[84],[566],[515],[243],[372],[523],[835],[105],[768],[710],[17],[12],[903],[480],[847],[605],[528],[301],[585],[24],[574],[704],[567],[293],[27],[392],[652],[65],[222],[603],[462],[722],[265],[905],[9],[532],[481],[356],[418],[624],[110],[703],[445],[463],[873],[458],[753],[420],[773],[996]
482,[954],[730],[227],[881],[559],[558],[132],[868],[130],[861],[631],[827],[500],[87],[443],[17],[271],[74],[425],[596],[675],[298],[112],[923],[611],[822],[882],[532],[79],[646],[785],[680],[907],[134],[117],[63],[248],[650],[369],[476],[566],[686],[776],[797],[55],[337],[339],[359],[857],[949],[495],[681],[495],[499],[625],[505],[249],[192],[811],[144],[634],[931],[181],[238],[958],[870],[195],[51],[689],[76],[111],[794],[396],[301],[771],[19],[82],[427],[179],[247],[200],[602],[107],[599],[518],[953],[827],[31],[626],[670],[229],[620],[439],[411],[832],[301],[911],[224],[650],[794]
483,[194],[602],[885],[496],[836],[863],[3],[125],[318],[424],[571],[98],[344],[482],[46],[506],[269],[167],[7],[872],[880],[63],[795],[129],[236],[404],[638],[89],[740],[507],[440],[133],[579],[463],[756],[702],[366],[336],[150],[140],[300],[482],[515],[780],[980],[843],[164],[295],[350],[885],[807],[463],[994],[463],[594],[121],[340],[891],[72],[926],[231],[253],[663],[325],[267],[930],[948],[896],[884],[241],[254],[54],[123],[406],[376],[340],[952],[281],[803],[578],[236],[791],[82],[685],[532],[806],[679],[188],[725],[520],[806],[714],[681],[666],[522],[683],[851],[156],[110],[904]
484,[841],[724],[552],[869],[921],[139],[934],[61],[188],[326],[16],[553],[539],[744],[297],[872],[242],[31],[155],[214],[852],[249],[838],[286],[172],[862],[817],[378],[769],[120],[339],[367],[938],[632],[302],[74],[573],[693],[59],[549],[306],[156],[501],[287],[679],[891],[122],[980],[755],[90],[445],[329],[918],[880],[697],[57],[508],[518],[720],[785],[24],[687],[188],[483],[547],[880],[8],[914],[512],[267],[129],[314],[856],[523],[625],[152],[410],[619],[821],[823],[654],[2],[742],[101],[163],[904],[946],[443],[968],[319],[451],[57],[102],[563],[81],[99],[353],[243],[849],[41]
485,[706],[563],[13],[576],[601],[561],[966],[540],[472],[774],[788],[168],[446],[428],[638],[258],[620],[627],[949],[658],[557],[78],[70],[692],[157],[757],[152],[665],[890],[559],[737],[23],[645],[786],[758],[781],[798],[13],[869],[511],[832],[773],[487],[500],[364],[171],[764],[456],[984],[538],[177],[568],[228],[503],[307],[454],[200],[359],[649],[856],[15],[981],[163],[190],[235],[882],[70],[894],[804],[290],[124],[339],[45],[366],[757],[348],[387],[72],[35],[299],[687],[399],[916],[575],[654],[714],[17],[448],[81],[650],[613],[478],[790],[479],[767],[263],[624],[713],[394],[98]
486,[24],[146],[588],[780],[632],[244],[749],[759],[938],[730],[789],[123],[113],[8],[769],[821],[511],[788],[334],[103],[345],[670],[121],[716],[623],[128],[517],[214],[275],[665],[879],[590],[77],[638],[65],[788],[597],[745],[210],[217],[109],[739],[803],[676],[398],[430],[433],[620],[702],[299],[611],[545],[885],[138],[491],[314],[923],[208],[300],[559],[698],[305],[218],[531],[221],[925],[939],[699],[11],[36],[948],[967],[370],[208],[651],[373],[645],[692],[465],[974],[230],[732],[793],[841],[534],[684],[907],[900],[367],[4],[468],[672],[253],[975],[215],[195],[312],[955],[502],[732]
487,[968],[176],[17],[135],[15],[699],[388],[491],[858],[404],[738],[119],[706],[612],[213],[735],[996],[224],[870],[430],[229],[614],[909],[327],[403],[868],[384],[795],[201],[633],[253],[126],[601],[536],[167],[973],[601],[681],[852],[237],[47],[721],[322],[825],[524],[892],[255],[370],[588],[445],[169],[699],[633],[792],[320],[504],[591],[323],[389],[886],[736],[103],[351],[529],[44],[280],[150],[906],[723],[817],[266],[100],[884],[742],[662],[734],[567],[655],[71],[96],[357],[310],[267],[539],[884],[441],[873],[699],[384],[842],[905],[170],[302],[673],[605],[407],[384],[778],[988],[739]
488,[41],[491],[898],[165],[297],[705],[881],[650],[75],[923],[635],[100],[325],[650],[49],[659],[773],[482],[882],[714],[312],[290],[122],[748],[894],[346],[658],[961],[684],[527],[559],[137],[14],[693],[709],[650],[185],[90],[889],[360],[842],[759],[64],[895],[242],[422],[40],[361],[622],[241],[586],[45],[307],[672],[716],[18],[762],[152],[246],[284],[122],[230],[461],[4],[607],[97],[593],[547],[855],[899],[779],[553],[36],[196],[92],[648],[311],[88],[124],[965],[683],[883],[608],[30],[552],[401],[697],[566],[744],[47],[374],[509],[479],[3],[850],[889],[34],[662],[410],[238]
489,[943],[195],[645],[379],[108],[144],[105],[676],[458],[107],[53],[325],[682],[719],[281],[282],[601],[793],[111],[645],[174],[826],[848],[14],[202],[710],[253],[920],[25],[352],[75],[125],[979],[831],[398],[365],[84],[950],[91],[518],[517],[339],[214],[764],[557],[287],[302],[828],[473],[287],[513],[790],[974],[261],[931],[808],[47],[38],[8],[44],[260],[404],[91],[783],[762],[556],[209],[819],[886],[779],[815],[110],[291],[883],[741],[331],[249],[459],[653],[95],[533],[804],[287],[977],[363],[45],[576],[991],[242],[917],[54],[895],[556],[499],[587],[300],[271],[870],[642],[537]
490,[168],[617],[34],[950],[348],[962],[948],[698],[722],[898],[458],[293],[309],[884],[479],[907],[55],[971],[908],[150],[443],[964],[496],[726],[736],[936],[321],[28],[317],[446],[319],[912],[364],[293],[855],[27],[319],[703],[484],[808],[132],[542],[141],[357],[274],[130],[771],[79],[18],[30],[605],[824],[90],[594],[768],[860],[795],[666],[304],[644],[667],[936],[590],[526],[983],[415],[410],[607],[295],[958],[82],[566],[906],[270],[262],[148],[850],[381],[517],[9],[876],[42],[55],[783],[196],[457],[745],[391],[865],[357],[216],[394],[473],[333],[942],[781],[990],[37],[583],[73]
491,[454],[354],[228],[591],[967],[61],[337],[60],[603],[380],[763],[204],[626],[178],[936],[504],[360],[266],[52],[66],[857],[287],[416],[893],[488],[168],[899],[405],[116],[149],[533],[15],[340],[780],[319],[435],[643],[432],[849],[835],[168],[62],[553],[259],[630],[269],[190],[418],[293],[775],[690],[480],[630],[618],[56],[132],[29],[743],[224],[719],[327],[131],[690],[98],[175],[936],[855],[920],[599],[544],[563],[879],[531],[297],[76],[817],[346],[101],[374],[332],[543],[786],[946],[526],[597],[384],[297],[407],[73],[615],[90],[6],[68],[196],[167],[643],[362],[174],[628],[649]
492,[113],[502],[204],[700],[454],[66],[199],[299],[582],[718],[939],[275],[611],[747],[319],[171],[717],[836],[510],[140],[891],[689],[366],[698],[981],[261],[104],[582],[771],[753],[765],[675],[406],[264],[426],[174],[92],[165],[267],[429],[947],[22],[243],[133],[802],[696],[551],[39],[338],[272],[699],[745],[107],[196],[144],[926],[559],[913],[591],[712],[787],[824],[145],[793],[860],[751],[354],[404],[709],[543],[172],[205],[874],[726],[434],[100],[517],[667],[542],[55],[737],[498],[649],[946],[683],[128],[766],[25],[557],[552],[596],[222],[555],[309],[436],[593],[860],[2],[408],[104]
493,[744],[864],[936],[661],[353],[617],[952],[45],[771],[208],[545],[384],[969],[983],[412],[108],[282],[83],[776],[181],[935],[220],[193],[466],[232],[350],[2],[34],[274],[693],[164],[427],[193],[225],[480],[944],[484],[205],[114],[823],[771],[814],[895],[525],[327],[492],[123],[21],[612],[13],[15],[846],[209],[78],[303],[733],[970],[481],[953],[273],[430],[501],[352],[340],[858],[478],[989],[36],[186],[593],[766],[198],[390],[684],[338],[945],[52],[683],[713],[931],[988],[511],[259],[389],[545],[543],[196],[810],[206],[170],[902],[646],[362],[918],[424],[705],[483],[663],[670],[361]
494,[712],[525],[413],[946],[978],[719],[456],[648],[432],[605],[183],[888],[715],[19],[414],[47],[350],[690],[156],[4],[946],[372],[213],[574],[659],[802],[547],[567],[453],[430],[966],[692],[581],[162],[479],[224],[695],[577],[428],[188],[260],[29],[792],[392],[653],[281],[309],[572],[804],[23],[806],[549],[971],[765],[77],[271],[75],[955],[859],[219],[991],[892],[29],[537],[855],[983],[608],[554],[465],[269],[950],[995],[10],[691],[692],[454],[81],[163],[314],[695],[603],[80],[403],[384],[600],[658],[191],[487],[71],[186],[422],[858],[1],[200],[435],[728],[864],[548],[697],[673]
495,[165],[762],[510],[710],[51],[947],[109],[907],[132],[870],[51],[951],[663],[168],[244],[379],[390],[312],[14],[121],[429],[810],[502],[999],[807],[16],[324],[287],[677],[750],[540],[450],[397],[821],[850],[712],[711],[407],[97],[450],[366],[499],[684],[306],[193],[653],[832],[730],[723],[174],[157],[440],[601],[644],[65],[843],[718],[932],[900],[919],[636],[908],[539],[991],[92],[345],[591],[954],[520],[896],[515],[266],[546],[443],[887],[99],[982],[486],[184],[531],[23],[859],[659],[888],[688],[503],[498],[987],[444],[383],[327],[323],[596],[418],[546],[247],[945],[651],[802],[620]
496,[534],[942],[726],[791],[959],[981],[489],[444],[669],[893],[773],[156],[978],[823],[697],[592],[214],[746],[64],[165],[247],[732],[908],[494],[547],[694],[62],[888],[168],[588],[282],[849],[930],[33],[491],[718],[806],[773],[764],[270],[271],[453],[115],[907],[436],[386],[693],[65],[121],[455],[125],[415],[799],[999],[379],[103],[308],[623],[809],[289],[800],[71],[408],[934],[490],[549],[443],[440],[898],[642],[420],[66],[521],[289],[687],[511],[89],[384],[987],[529],[351],[40],[653],[809],[208],[945],[490],[59],[133],[663],[764],[656],[494],[125],[558],[253],[586],[314],[982],[389]
497,[552],[391],[927],[939],[364],[861],[197],[610],[686],[750],[387],[499],[678],[999],[387],[847],[890],[917],[962],[170],[194],[724],[71],[397],[478],[45],[110],[411],[8],[7],[990],[656],[677],[966],[344],[280],[96],[419],[48],[440],[278],[672],[256],[74],[131],[441],[968],[724],[297],[794],[754],[54],[364],[191],[663],[133],[25],[367],[979],[630],[491],[608],[411],[709],[484],[650],[950],[963],[568],[492],[492],[763],[414],[676],[68],[880],[647],[774],[762],[637],[317],[694],[281],[297],[44],[560],[803],[2],[641],[783],[638],[261],[894],[95],[390],[963],[3],[709],[174],[403]
498,[554],[326],[209],[300],[864],[902],[516],[806],[510],[408],[964],[590],[317],[891],[518],[725],[901],[483],[294],[312],[566],[382],[736],[187],[876],[184],[235],[714],[182],[792],[173],[648],[778],[209],[321],[255],[988],[372],[574],[256],[453],[236],[60],[17],[906],[415],[273],[325],[109],[198],[723],[420],[714],[906],[420],[336],[105],[709],[424],[327],[592],[493],[656],[405],[774],[154],[465],[358],[208],[453],[682],[665],[831],[461],[571],[352],[142],[785],[239],[432],[880],[48],[22],[788],[717],[225],[758],[267],[559],[613],[967],[173],[977],[969],[118],[953],[743],[151],[602],[705]
499,[77],[95],[417],[894],[583],[154],[770],[765],[547],[600],[234],[836],[281],[946],[55],[890],[331],[363],[47],[186],[463],[225],[303],[846],[777],[927],[934],[984],[285],[23],[111],[13],[305],[579],[471],[770],[204],[45],[17],[208],[338],[171],[332],[91],[430],[448],[413],[78],[682],[87],[138],[68],[296],[508],[282],[984],[7],[196],[542],[624],[233],[588],[587],[691],[643],[300],[143],[426],[859],[275],[609],[672],[873],[221],[578],[404],[936],[814],[413],[592],[558],[134],[620],[608],[510],[645],[231],[514],[987],[56],[114],[377],[254],[609],[443],[651],[334],[73],[200],[90]
500,[725],[568],[258],[219],[105],[472],[407],[49],[171],[867],[84],[540],[977],[280],[744],[176],[147],[610],[40],[881],[587],[555],[115],[460],[346],[47],[944],[135],[383],[115],[441],[856],[570],[806],[272],[494],[66],[670],[658],[182],[108],[60],[195],[985],[120],[121],[90],[232],[135],[348],[408],[66],[957],[737],[361],[785],[253],[312],[172],[120],[549],[539],[710],[616],[784],[366],[543],[4],[229],[548],[199],[264],[137],[493],[94],[497],[835],[360],[631],[186],[502],[585],[965],[984],[203],[860],[462],[171],[106],[921],[174],[889],[961],[366],[565],[234],[627],[299],[681],[629]
501,[785],[74],[114],[647],[944],[432],[454],[296],[210],[766],[310],[754],[162],[243],[340],[983],[8],[339],[98],[82],[585],[312],[28],[745],[74],[751],[99],[565],[654],[61],[330],[696],[548],[312],[153],[81],[357],[415],[389],[279],[127],[954],[84],[911],[452],[800],[768],[71],[260],[26],[537],[308],[197],[425],[529],[361],[577],[639],[916],[354],[668],[52],[95],[986],[798],[798],[370],[931],[538],[767],[478],[678],[416],[981],[716],[26],[300],[691],[126],[198],[270],[695],[736],[247],[908],[963],[244],[39],[42],[85],[60],[109],[298],[92],[161],[563],[614],[63],[510],[887]
502,[777],[433],[465],[331],[159],[266],[907],[22],[953],[749],[221],[352],[606],[880],[394],[698],[741],[180],[635],[610],[114],[597],[481],[36],[1],[992],[26],[357],[61],[828],[38],[361],[773],[363],[628],[699],[867],[733],[779],[858],[621],[158],[173],[627],[789],[974],[914],[657],[50],[41],[296],[443],[211],[523],[352],[348],[543],[614],[999],[304],[999],[836],[308],[998],[715],[464],[662],[851],[138],[305],[202],[883],[341],[574],[772],[13],[919],[775],[807],[897],[758],[423],[423],[28],[737],[181],[214],[74],[331],[791],[259],[517],[54],[188],[100],[159],[790],[771],[24],[663]
503,[299],[418],[821],[935],[482],[514],[868],[129],[886],[744],[446],[808],[781],[568],[305],[337],[155],[204],[644],[543],[451],[199],[279],[975],[518],[865],[912],[934],[674],[339],[997],[68],[850],[509],[354],[806],[698],[667],[962],[110],[79],[966],[582],[746],[320],[310],[973],[829],[643],[408],[262],[639],[629],[220],[695],[913],[741],[243],[741],[750],[176],[179],[608],[618],[138],[231],[959],[752],[565],[711],[564],[869],[882],[451],[766],[213],[649],[40],[57],[577],[978],[162],[866],[15],[672],[251],[129],[11],[88],[983],[981],[452],[792],[298],[514],[548],[408],[418],[399],[907]
504,[628],[515],[625],[144],[424],[767],[472],[397],[814],[83],[189],[415],[571],[581],[456],[559],[333],[624],[258],[527],[349],[212],[446],[148],[325],[110],[943],[285],[661],[316],[757],[836],[988],[870],[751],[903],[531],[562],[567],[435],[443],[79],[250],[162],[176],[864],[792],[537],[516],[900],[882],[16],[331],[110],[158],[448],[805],[516],[460],[803],[631],[466],[320],[265],[726],[531],[44],[791],[878],[437],[911],[806],[868],[857],[437],[592],[861],[174],[968],[601],[105],[19],[561],[832],[554],[951],[689],[47],[623],[272],[51],[531],[938],[794],[245],[248],[736],[424],[82],[894]
505,[136],[109],[225],[617],[870],[577],[349],[212],[118],[96],[75],[681],[671],[137],[779],[160],[886],[945],[358],[622],[655],[133],[575],[695],[244],[173],[196],[731],[513],[899],[755],[309],[57],[18],[477],[805],[339],[217],[631],[677],[516],[3],[252],[977],[479],[954],[845],[600],[970],[104],[672],[760],[428],[997],[233],[354],[164],[228],[94],[953],[928],[351],[778],[920],[772],[459],[602],[289],[954],[294],[796],[458],[627],[560],[676],[414],[767],[613],[938],[464],[285],[574],[83],[363],[257],[124],[503],[287],[606],[464],[777],[275],[527],[100],[799],[323],[957],[995],[411],[190]
506,[33],[802],[133],[485],[725],[289],[238],[970],[793],[555],[664],[263],[709],[909],[470],[141],[488],[377],[709],[94],[241],[973],[444],[194],[927],[842],[333],[229],[980],[603],[501],[853],[892],[372],[888],[292],[162],[484],[224],[486],[847],[286],[563],[539],[343],[89],[644],[117],[288],[823],[484],[841],[916],[324],[518],[342],[829],[44],[92],[869],[135],[427],[967],[685],[28],[742],[425],[415],[753],[839],[614],[769],[926],[204],[134],[531],[559],[727],[87],[141],[633],[970],[124],[793],[14],[750],[208],[325],[205],[855],[562],[521],[189],[461],[37],[369],[366],[409],[202],[814]
507,[4],[890],[276],[899],[935],[893],[735],[336],[692],[538],[621],[150],[730],[633],[82],[500],[265],[589],[410],[665],[663],[887],[607],[450],[477],[454],[697],[855],[177],[87],[488],[172],[225],[137],[320],[298],[117],[5],[594],[685],[435],[402],[436],[832],[661],[473],[628],[832],[685],[58],[291],[33],[255],[595],[73],[989],[712],[418],[416],[602],[766],[448],[238],[610],[101],[677],[770],[329],[644],[768],[632],[333],[61],[197],[884],[79],[669],[213],[483],[952],[708],[448],[634],[231],[359],[33],[908],[378],[780],[232],[941],[571],[94],[26],[420],[32],[918],[830],[472],[217]
508,[974],[793],[850],[603],[75],[102],[527],[843],[775],[364],[895],[756],[212],[189],[51],[464],[112],[234],[648],[321],[236],[169],[685],[283],[545],[881],[905],[220],[678],[363],[799],[47],[370],[666],[58],[495],[619],[252],[260],[395],[200],[253],[138],[328],[497],[885],[990],[31],[120],[581],[479],[205],[519],[170],[80],[647],[860],[223],[357],[892],[350],[34],[13],[40],[777],[217],[45],[139],[962],[216],[489],[34],[648],[274],[983],[710],[680],[76],[274],[151],[539],[41],[798],[704],[595],[296],[785],[58],[503],[155],[470],[728],[334],[417],[213],[946],[267],[546],[441],[390]
509,[856],[520],[122],[58],[650],[564],[825],[112],[679],[491],[94],[189],[332],[979],[782],[909],[650],[642],[528],[936],[565],[880],[583],[669],[535],[206],[423],[216],[107],[802],[728],[111],[53],[597],[68],[688],[710],[778],[810],[343],[241],[4],[432],[750],[21],[396],[793],[306],[22],[139],[828],[44],[61],[379],[762],[308],[769],[798],[950],[396],[244],[779],[668],[715],[948],[942],[800],[443],[510],[584],[148],[411],[859],[769],[431],[681],[700],[573],[206],[768],[907],[631],[654],[460],[780],[872],[424],[531],[375],[278],[741],[295],[940],[506],[734],[330],[230],[378],[386],[613]
510,[596],[571],[606],[143],[724],[522],[569],[703],[486],[917],[399],[631],[478],[554],[965],[884],[577],[622],[86],[315],[556],[879],[816],[235],[995],[774],[988],[723],[264],[883],[639],[300],[280],[649],[801],[454],[455],[976],[456],[888],[96],[372],[458],[926],[3],[588],[57],[570],[770],[621],[945],[967],[903],[12],[854],[482],[520],[742],[164],[308],[222],[704],[322],[66],[127],[279],[623],[473],[889],[579],[938],[465],[964],[494],[358],[295],[274],[589],[368],[480],[332],[178],[86],[117],[941],[463],[939],[908],[43],[263],[143],[252],[76],[932],[21],[448],[996],[527],[220],[545]
511,[72],[475],[925],[200],[461],[656],[896],[266],[843],[784],[436],[459],[35],[68],[772],[565],[280],[392],[810],[220],[35],[999],[380],[108],[301],[706],[862],[420],[824],[307],[430],[689],[582],[774],[90],[949],[646],[100],[66],[558],[743],[110],[571],[847],[97],[759],[300],[252],[44],[102],[507],[866],[628],[335],[769],[59],[172],[530],[296],[682],[85],[753],[919],[119],[415],[333],[103],[740],[395],[433],[904],[786],[837],[476],[333],[622],[801],[542],[185],[947],[20],[179],[266],[218],[997],[357],[698],[276],[595],[792],[844],[75],[124],[197],[170],[366],[635],[659],[772],[935]
512,[653],[403],[79],[644],[9],[892],[95],[288],[641],[170],[292],[317],[275],[466],[894],[523],[571],[559],[474],[299],[306],[185],[467],[817],[100],[124],[774],[741],[834],[392],[519],[395],[152],[119],[88],[897],[817],[788],[322],[919],[253],[767],[157],[99],[778],[439],[957],[809],[901],[592],[189],[11],[387],[901],[240],[63],[292],[872],[578],[656],[965],[895],[36],[109],[434],[307],[51],[634],[626],[52],[799],[874],[239],[199],[768],[873],[788],[86],[14],[988],[291],[870],[24],[901],[762],[524],[936],[38],[484],[778],[550],[935],[963],[939],[179],[947],[698],[873],[920],[474]
513,[369],[45],[119],[514],[249],[781],[377],[221],[923],[888],[413],[696],[141],[44],[857],[588],[145],[183],[58],[12],[326],[128],[863],[442],[130],[360],[228],[351],[991],[544],[925],[413],[462],[476],[5],[295],[416],[649],[358],[648],[994],[458],[735],[656],[522],[261],[751],[1],[202],[787],[467],[460],[654],[198],[345],[734],[456],[916],[412],[38],[81],[173],[55],[931],[89],[540],[197],[581],[367],[442],[838],[626],[574],[955],[495],[133],[711],[777],[923],[752],[747],[110],[45],[885],[469],[596],[961],[915],[910],[720],[75],[689],[547],[58],[355],[664],[251],[705],[424],[860]
514,[104],[380],[924],[403],[193],[30],[513],[968],[650],[554],[144],[321],[931],[751],[480],[335],[642],[967],[387],[808],[519],[322],[965],[679],[849],[664],[437],[494],[272],[831],[0],[985],[702],[777],[769],[657],[830],[915],[907],[595],[995],[51],[394],[870],[300],[343],[77],[820],[425],[381],[322],[247],[524],[724],[280],[10],[605],[589],[208],[262],[359],[586],[449],[887],[254],[124],[790],[526],[765],[880],[167],[369],[551],[901],[777],[719],[781],[399],[881],[561],[407],[675],[517],[546],[61],[257],[547],[1],[794],[741],[320],[748],[30],[504],[254],[546],[549],[318],[196],[152]
515,[672],[96],[284],[32],[622],[691],[597],[378],[595],[259],[642],[336],[945],[925],[228],[731],[79],[699],[571],[733],[325],[990],[368],[467],[379],[536],[398],[372],[821],[583],[839],[979],[969],[784],[686],[847],[705],[651],[499],[957],[717],[452],[159],[717],[518],[936],[471],[830],[486],[254],[427],[360],[852],[882],[83],[995],[322],[151],[634],[453],[552],[968],[212],[64],[518],[622],[324],[225],[206],[941],[68],[74],[767],[954],[459],[4],[150],[815],[321],[700],[849],[579],[733],[78],[317],[20],[963],[231],[621],[102],[44],[419],[775],[36],[513],[798],[208],[249],[60],[976]
516,[947],[300],[313],[895],[643],[434],[275],[401],[540],[254],[669],[810],[795],[836],[668],[901],[105],[232],[847],[535],[593],[571],[813],[365],[316],[836],[714],[324],[217],[987],[880],[327],[83],[257],[126],[689],[351],[107],[212],[114],[538],[959],[587],[752],[531],[206],[794],[213],[821],[565],[918],[263],[256],[610],[709],[851],[541],[10],[835],[939],[47],[408],[75],[790],[626],[193],[294],[777],[920],[629],[612],[150],[765],[99],[383],[979],[473],[444],[270],[365],[741],[230],[53],[485],[457],[43],[415],[239],[295],[550],[13],[662],[821],[877],[811],[412],[495],[777],[886],[622]
517,[13],[219],[524],[527],[631],[519],[285],[885],[288],[93],[753],[221],[928],[117],[843],[257],[246],[682],[318],[93],[109],[862],[221],[275],[173],[104],[908],[791],[353],[920],[965],[970],[918],[523],[175],[371],[72],[786],[646],[979],[635],[835],[781],[912],[633],[15],[775],[317],[398],[283],[51],[93],[502],[115],[881],[146],[644],[660],[832],[222],[551],[473],[976],[840],[477],[719],[99],[700],[533],[591],[918],[292],[174],[225],[890],[473],[83],[694],[227],[717],[203],[861],[551],[357],[777],[112],[395],[733],[716],[960],[842],[819],[587],[779],[679],[583],[620],[152],[143],[570]
518,[441],[732],[568],[214],[184],[646],[157],[951],[727],[686],[132],[544],[599],[940],[2],[367],[897],[590],[548],[191],[77],[790],[565],[436],[153],[546],[536],[230],[758],[185],[531],[519],[513],[935],[866],[32],[572],[896],[318],[76],[882],[919],[788],[245],[597],[292],[439],[138],[369],[657],[151],[108],[748],[168],[759],[333],[69],[713],[595],[976],[918],[943],[489],[50],[678],[985],[556],[280],[211],[609],[926],[675],[598],[334],[642],[104],[822],[51],[350],[624],[688],[433],[861],[100],[258],[79],[647],[828],[274],[294],[452],[214],[814],[699],[261],[165],[814],[466],[622],[197]
519,[625],[198],[108],[726],[628],[250],[368],[571],[321],[889],[716],[700],[207],[355],[656],[166],[408],[912],[998],[555],[447],[955],[385],[152],[451],[713],[636],[432],[696],[77],[821],[825],[259],[766],[198],[9],[608],[324],[769],[981],[334],[692],[301],[450],[861],[820],[393],[401],[298],[264],[557],[192],[419],[56],[281],[313],[58],[980],[956],[6],[145],[960],[445],[845],[80],[902],[630],[293],[627],[65],[358],[913],[41],[911],[853],[502],[227],[148],[205],[550],[564],[128],[897],[810],[332],[291],[922],[402],[426],[418],[992],[265],[930],[324],[854],[377],[516],[752],[514],[816]
520,[563],[676],[272],[712],[414],[220],[917],[100],[729],[459],[353],[394],[242],[515],[696],[362],[103],[770],[714],[604],[961],[406],[263],[500],[194],[233],[300],[110],[57],[982],[644],[583],[814],[187],[879],[357],[844],[723],[546],[725],[798],[380],[797],[754],[527],[379],[974],[763],[223],[856],[346],[621],[593],[886],[171],[148],[566],[478],[131],[594],[196],[285],[1],[726],[696],[304],[297],[338],[350],[949],[771],[600],[134],[871],[248],[580],[93],[164],[705],[360],[926],[615],[569],[748],[402],[843],[426],[804],[126],[974],[280],[801],[217],[999],[33],[90],[787],[147],[5],[382]
521,[355],[481],[683],[818],[814],[461],[62],[155],[741],[822],[55],[587],[497],[772],[854],[623],[584],[607],[753],[806],[466],[362],[283],[171],[112],[764],[807],[113],[161],[254],[233],[930],[937],[156],[132],[721],[227],[663],[689],[807],[827],[223],[380],[323],[898],[664],[806],[896],[197],[54],[471],[494],[539],[255],[870],[760],[804],[546],[355],[640],[568],[483],[797],[151],[126],[422],[841],[978],[136],[674],[825],[379],[231],[908],[760],[268],[409],[997],[159],[502],[518],[201],[715],[774],[367],[273],[216],[433],[975],[546],[734],[821],[16],[481],[517],[864],[490],[925],[674],[93]
522,[894],[91],[583],[955],[342],[493],[415],[429],[197],[637],[632],[878],[645],[574],[910],[915],[217],[891],[327],[740],[676],[18],[934],[315],[483],[175],[784],[994],[436],[153],[498],[355],[700],[735],[158],[608],[155],[155],[929],[819],[59],[296],[508],[342],[950],[240],[605],[159],[750],[906],[837],[464],[915],[208],[290],[331],[328],[675],[558],[444],[227],[444],[214],[284],[649],[21],[393],[8],[389],[466],[430],[301],[703],[284],[111],[335],[823],[123],[504],[489],[409],[426],[381],[840],[299],[89],[362],[903],[792],[431],[776],[661],[103],[624],[592],[827],[988],[923],[490],[158]
523,[170],[284],[221],[80],[516],[498],[20],[631],[944],[659],[382],[125],[948],[973],[76],[112],[428],[737],[382],[640],[410],[242],[510],[564],[728],[299],[287],[348],[525],[929],[741],[791],[714],[851],[638],[321],[166],[17],[545],[425],[659],[913],[408],[247],[637],[805],[155],[777],[448],[391],[183],[525],[118],[873],[980],[975],[687],[329],[186],[485],[96],[107],[713],[224],[116],[341],[1],[40],[356],[872],[441],[800],[448],[732],[271],[674],[753],[128],[995],[144],[10],[58],[325],[617],[472],[756],[674],[359],[922],[407],[960],[871],[285],[812],[141],[891],[273],[501],[993],[977]
524,[934],[21],[462],[67],[1],[302],[81],[439],[872],[260],[304],[480],[760],[547],[822],[934],[880],[651],[451],[726],[698],[568],[30],[320],[122],[816],[477],[359],[598],[196],[161],[845],[469],[93],[570],[611],[836],[757],[944],[803],[54],[905],[774],[906],[548],[74],[800],[475],[583],[239],[455],[522],[96],[727],[383],[757],[190],[84],[728],[22],[20],[255],[315],[754],[928],[100],[674],[171],[431],[705],[930],[508],[412],[797],[512],[379],[367],[561],[364],[99],[391],[996],[410],[327],[223],[647],[677],[251],[181],[589],[194],[825],[92],[705],[7],[226],[335],[55],[731],[820]
525,[941],[800],[439],[830],[286],[175],[222],[725],[982],[144],[511],[684],[222],[223],[418],[540],[862],[892],[522],[124],[97],[852],[20],[668],[133],[738],[175],[195],[286],[41],[206],[59],[267],[404],[367],[854],[607],[627],[356],[31],[36],[678],[434],[769],[239],[819],[761],[72],[255],[704],[366],[29],[226],[524],[985],[38],[426],[689],[716],[420],[50],[269],[725],[338],[430],[581],[278],[207],[758],[255],[886],[880],[772],[273],[690],[955],[849],[946],[107],[159],[743],[96],[237],[799],[566],[670],[825],[451],[869],[949],[951],[302],[441],[776],[833],[276],[388],[411],[447],[647]
526,[238],[431],[599],[343],[58],[146],[246],[499],[19],[443],[715],[551],[137],[737],[481],[919],[366],[190],[76],[738],[823],[160],[801],[515],[397],[18],[216],[117],[225],[666],[557],[310],[842],[637],[376],[360],[352],[991],[997],[918],[942],[343],[90],[631],[167],[77],[381],[948],[714],[448],[283],[116],[578],[522],[9],[949],[986],[348],[362],[351],[811],[15],[0],[891],[739],[715],[601],[266],[685],[718],[426],[174],[254],[313],[38],[708],[679],[234],[444],[968],[58],[803],[316],[524],[657],[902],[448],[79],[365],[939],[185],[319],[928],[872],[296],[560],[617],[221],[586],[688]
527,[186],[20],[27],[688],[818],[185],[196],[566],[807],[150],[32],[554],[963],[846],[389],[216],[940],[491],[393],[869],[7],[430],[958],[685],[290],[625],[776],[631],[613],[541],[888],[89],[49],[139],[894],[653],[529],[141],[954],[326],[646],[974],[584],[142],[220],[342],[2],[240],[480],[588],[457],[685],[356],[444],[444],[883],[108],[698],[60],[94],[953],[923],[159],[905],[659],[104],[34],[643],[427],[119],[125],[27],[586],[429],[483],[766],[58],[266],[652],[160],[962],[180],[671],[121],[620],[845],[820],[949],[547],[693],[39],[695],[59],[350],[537],[846],[266],[279],[436],[212]
528,[767],[438],[244],[428],[339],[229],[174],[688],[723],[909],[47],[772],[402],[595],[923],[754],[802],[843],[163],[701],[706],[45],[774],[493],[188],[640],[953],[901],[899],[781],[121],[749],[276],[814],[916],[690],[589],[578],[551],[690],[884],[431],[750],[618],[503],[192],[674],[634],[472],[7],[275],[414],[345],[699],[542],[963],[604],[881],[97],[654],[703],[826],[471],[332],[167],[710],[309],[723],[600],[332],[453],[101],[409],[640],[144],[554],[851],[81],[760],[872],[928],[893],[719],[258],[935],[26],[260],[470],[218],[365],[494],[710],[225],[75],[820],[724],[406],[721],[566],[791]
529,[397],[154],[294],[461],[736],[804],[371],[70],[986],[941],[509],[657],[470],[33],[514],[672],[785],[802],[634],[786],[900],[538],[925],[606],[248],[362],[275],[704],[530],[277],[767],[353],[710],[232],[423],[660],[614],[639],[994],[458],[781],[483],[296],[707],[998],[200],[848],[319],[561],[988],[280],[752],[276],[419],[907],[823],[530],[727],[254],[214],[346],[680],[241],[884],[479],[369],[795],[31],[957],[346],[200],[0],[736],[768],[366],[179],[662],[125],[937],[941],[61],[61],[209],[298],[587],[216],[538],[589],[460],[968],[923],[988],[958],[261],[913],[76],[164],[3],[902],[102]
530,[876],[490],[176],[533],[865],[510],[479],[760],[693],[347],[737],[726],[266],[368],[635],[22],[286],[529],[109],[793],[531],[218],[306],[94],[596],[867],[929],[843],[124],[372],[189],[468],[501],[952],[336],[886],[38],[138],[220],[509],[217],[625],[7],[413],[817],[916],[419],[227],[899],[486],[40],[330],[485],[959],[61],[906],[166],[363],[876],[176],[554],[918],[818],[634],[469],[329],[265],[530],[990],[158],[568],[627],[53],[626],[652],[536],[264],[470],[649],[168],[877],[499],[774],[191],[971],[547],[589],[527],[390],[869],[138],[164],[45],[143],[730],[481],[536],[463],[556],[406]
531,[283],[327],[414],[109],[886],[683],[716],[96],[205],[617],[823],[964],[323],[59],[996],[669],[9],[65],[430],[234],[311],[335],[77],[551],[435],[944],[71],[276],[171],[836],[462],[795],[499],[306],[85],[730],[649],[356],[495],[512],[987],[228],[226],[177],[164],[926],[512],[479],[769],[822],[633],[399],[563],[41],[993],[351],[758],[34],[515],[269],[195],[750],[484],[940],[740],[294],[576],[234],[746],[449],[524],[216],[304],[881],[739],[311],[403],[273],[121],[638],[786],[825],[342],[572],[438],[380],[770],[187],[993],[602],[153],[372],[461],[901],[24],[699],[127],[838],[689],[582]
532,[224],[809],[743],[56],[295],[749],[759],[67],[49],[510],[954],[525],[588],[360],[339],[383],[573],[490],[964],[308],[830],[29],[10],[872],[587],[755],[671],[403],[381],[333],[18],[514],[839],[459],[700],[58],[465],[451],[252],[916],[175],[820],[844],[919],[891],[91],[469],[497],[485],[970],[984],[718],[815],[491],[387],[541],[647],[480],[517],[172],[401],[692],[161],[552],[629],[793],[572],[946],[847],[22],[710],[224],[982],[545],[166],[573],[474],[736],[867],[918],[621],[369],[982],[72],[947],[597],[377],[61],[881],[793],[448],[859],[348],[785],[867],[147],[46],[542],[475],[875]
533,[183],[785],[422],[652],[497],[714],[461],[635],[565],[598],[122],[649],[104],[449],[131],[44],[810],[776],[190],[404],[288],[505],[32],[26],[525],[875],[276],[767],[649],[50],[475],[854],[141],[710],[535],[284],[623],[900],[805],[354],[440],[340],[599],[182],[951],[391],[649],[450],[995],[958],[804],[90],[482],[405],[85],[792],[933],[674],[295],[635],[312],[361],[607],[410],[634],[729],[619],[305],[857],[627],[282],[598],[258],[380],[186],[483],[818],[675],[477],[704],[665],[341],[777],[754],[863],[394],[923],[459],[282],[138],[913],[123],[74],[339],[869],[586],[235],[290],[811],[506]
534,[311],[725],[153],[662],[613],[698],[728],[683],[940],[494],[526],[220],[765],[192],[683],[895],[17],[829],[659],[794],[444],[476],[92],[394],[186],[961],[434],[26],[423],[68],[951],[95],[956],[47],[858],[341],[960],[572],[788],[970],[513],[608],[742],[132],[987],[198],[520],[536],[205],[251],[218],[625],[839],[358],[659],[272],[149],[863],[157],[783],[484],[329],[342],[61],[431],[203],[889],[476],[747],[693],[468],[881],[931],[435],[953],[470],[873],[296],[756],[831],[139],[660],[973],[591],[938],[593],[648],[209],[775],[879],[178],[329],[770],[653],[97],[348],[518],[987],[77],[432]
535,[998],[118],[849],[521],[280],[604],[734],[462],[766],[854],[166],[740],[263],[957],[564],[37],[815],[282],[322],[362],[46],[737],[63],[697],[50],[74],[879],[180],[63],[194],[286],[315],[490],[10],[757],[496],[786],[223],[669],[473],[437],[135],[298],[719],[195],[665],[525],[440],[724],[21],[706],[162],[603],[635],[418],[7],[517],[307],[394],[249],[386],[702],[912],[486],[723],[201],[37],[157],[963],[518],[688],[752],[637],[968],[963],[271],[132],[711],[928],[40],[106],[706],[161],[265],[626],[541],[187],[937],[294],[228],[81],[460],[387],[64],[396],[693],[839],[481],[273],[568]
536,[192],[712],[783],[489],[612],[828],[135],[552],[219],[595],[815],[867],[569],[56],[285],[55],[740],[820],[127],[378],[842],[898],[440],[356],[902],[611],[135],[313],[418],[677],[343],[910],[372],[439],[604],[211],[555],[529],[633],[244],[242],[460],[136],[254],[7],[270],[327],[923],[950],[413],[660],[123],[562],[73],[591],[320],[414],[289],[719],[358],[864],[325],[825],[95],[891],[282],[555],[99],[817],[223],[253],[31],[372],[74],[659],[890],[190],[887],[431],[167],[43],[107],[136],[849],[742],[193],[940],[726],[807],[469],[608],[492],[137],[608],[257],[196],[867],[718],[763],[99]
537,[781],[687],[418],[455],[768],[504],[276],[590],[955],[509],[661],[908],[385],[573],[645],[333],[909],[386],[651],[914],[419],[486],[584],[80],[737],[579],[819],[692],[301],[600],[327],[874],[977],[679],[453],[980],[74],[475],[593],[913],[929],[949],[737],[229],[408],[317],[917],[822],[919],[20],[36],[125],[360],[562],[300],[669],[52],[739],[368],[205],[105],[410],[523],[139],[31],[893],[392],[637],[621],[379],[990],[65],[705],[504],[592],[47],[666],[635],[358],[801],[625],[488],[166],[147],[102],[314],[636],[107],[906],[268],[872],[823],[698],[264],[611],[570],[524],[344],[676],[660]
538,[30],[917],[633],[683],[648],[615],[794],[171],[50],[135],[660],[176],[202],[43],[342],[923],[128],[253],[602],[683],[909],[279],[996],[963],[722],[196],[841],[525],[673],[628],[521],[924],[704],[549],[401],[474],[6],[812],[475],[977],[211],[95],[540],[642],[314],[60],[576],[380],[310],[810],[24],[77],[828],[975],[190],[167],[705],[182],[287],[271],[512],[347],[395],[53],[975],[140],[949],[383],[459],[268],[686],[867],[711],[558],[921],[600],[437],[402],[830],[802],[8],[234],[638],[935],[869],[120],[699],[214],[387],[171],[706],[348],[213],[295],[297],[896],[443],[883],[412],[808]
539,[840],[661],[518],[35],[503],[586],[519],[105],[377],[849],[986],[963],[635],[544],[631],[572],[186],[644],[287],[472],[365],[329],[580],[272],[110],[618],[460],[517],[409],[483],[289],[305],[292],[223],[607],[709],[100],[542],[737],[420],[324],[533],[353],[81],[133],[205],[4],[270],[787],[614],[626],[304],[921],[223],[635],[653],[82],[361],[28],[979],[826],[266],[72],[557],[804],[89],[57],[34],[499],[686],[147],[619],[368],[605],[697],[638],[909],[600],[789],[770],[837],[470],[458],[264],[932],[227],[680],[123],[435],[934],[120],[213],[309],[152],[694],[525],[172],[202],[175],[926]
540,[73],[916],[382],[372],[427],[737],[989],[278],[863],[186],[486],[348],[883],[800],[405],[283],[894],[178],[397],[143],[666],[691],[254],[162],[603],[647],[688],[174],[768],[86],[445],[591],[896],[364],[225],[885],[961],[137],[670],[281],[585],[477],[892],[897],[863],[284],[305],[111],[624],[130],[378],[782],[858],[712],[131],[695],[800],[175],[383],[747],[937],[109],[319],[17],[264],[456],[397],[562],[440],[819],[130],[51],[272],[669],[543],[609],[156],[718],[398],[108],[746],[679],[842],[756],[613],[759],[965],[544],[68],[88],[540],[84],[964],[976],[778],[41],[956],[654],[790],[220]
541,[307],[779],[713],[459],[50],[916],[203],[693],[564],[198],[575],[165],[803],[985],[312],[756],[958],[867],[927],[15],[629],[593],[184],[707],[234],[737],[291],[570],[329],[487],[695],[181],[130],[354],[750],[162],[287],[653],[615],[1],[460],[581],[431],[157],[792],[983],[74],[294],[825],[353],[568],[740],[452],[730],[204],[684],[825],[394],[503],[190],[446],[43],[610],[365],[895],[989],[491],[437],[200],[670],[83],[856],[433],[655],[14],[293],[393],[153],[30],[535],[218],[661],[471],[882],[318],[897],[944],[554],[947],[959],[563],[88],[339],[878],[394],[241],[330],[250],[41],[822]
542,[271],[4],[286],[86],[85],[701],[634],[852],[975],[116],[23],[987],[407],[350],[314],[533],[95],[94],[142],[396],[871],[134],[707],[13],[443],[595],[732],[779],[413],[15],[464],[613],[973],[714],[723],[759],[182],[715],[462],[88],[706],[15],[757],[201],[198],[481],[853],[639],[532],[419],[478],[336],[635],[275],[14],[249],[844],[832],[217],[34],[680],[451],[316],[828],[79],[700],[161],[295],[396],[106],[631],[402],[320],[755],[762],[265],[676],[932],[935],[545],[980],[233],[399],[59],[20],[709],[41],[692],[284],[150],[730],[648],[592],[444],[553],[393],[766],[95],[527],[435]
543,[930],[279],[729],[286],[922],[859],[383],[653],[46],[204],[70],[533],[420],[228],[821],[101],[250],[325],[353],[796],[951],[243],[697],[284],[733],[252],[754],[82],[999],[246],[43],[151],[241],[739],[53],[848],[575],[459],[886],[363],[90],[590],[595],[965],[418],[781],[599],[277],[921],[62],[120],[48],[333],[393],[284],[373],[76],[934],[487],[438],[25],[848],[500],[387],[591],[375],[818],[806],[643],[208],[280],[260],[293],[367],[602],[523],[496],[403],[772],[391],[616],[846],[296],[664],[429],[637],[239],[113],[510],[460],[57],[777],[731],[991],[288],[511],[217],[109],[753],[725]
544,[7],[2],[15],[68],[81],[468],[453],[838],[252],[963],[735],[17],[60],[611],[527],[123],[71],[210],[470],[237],[807],[345],[571],[134],[539],[638],[569],[916],[765],[938],[585],[103],[783],[92],[715],[209],[492],[283],[774],[601],[685],[205],[150],[792],[620],[581],[961],[568],[960],[107],[92],[135],[796],[440],[774],[509],[128],[564],[285],[609],[890],[583],[568],[448],[492],[560],[24],[556],[800],[194],[945],[296],[23],[812],[72],[289],[626],[354],[969],[505],[316],[601],[785],[764],[519],[542],[113],[52],[998],[244],[299],[580],[907],[832],[267],[192],[916],[620],[181],[658]
545,[634],[778],[919],[959],[903],[466],[713],[350],[676],[622],[115],[615],[135],[727],[580],[186],[795],[225],[399],[85],[47],[460],[821],[440],[795],[424],[36],[282],[933],[373],[517],[466],[327],[843],[760],[641],[875],[702],[19],[122],[999],[884],[987],[473],[881],[307],[129],[858],[800],[78],[101],[689],[680],[348],[426],[466],[834],[277],[616],[281],[43],[527],[746],[774],[917],[291],[18],[802],[0],[649],[573],[450],[488],[738],[48],[539],[102],[167],[659],[587],[146],[835],[219],[206],[65],[477],[271],[229],[38],[620],[132],[529],[580],[701],[608],[615],[657],[510],[613],[264]
546,[259],[416],[314],[705],[773],[628],[877],[889],[736],[442],[975],[312],[170],[492],[216],[913],[652],[667],[119],[413],[536],[79],[276],[310],[792],[754],[304],[408],[865],[130],[190],[55],[587],[592],[803],[362],[969],[863],[386],[865],[144],[720],[738],[543],[953],[761],[757],[495],[119],[883],[235],[255],[829],[832],[718],[341],[961],[678],[138],[900],[955],[707],[772],[170],[950],[504],[254],[798],[657],[56],[637],[653],[213],[90],[646],[981],[220],[612],[198],[437],[705],[338],[724],[271],[300],[674],[569],[457],[283],[275],[246],[645],[162],[8],[745],[782],[914],[361],[417],[247]
547,[935],[36],[105],[636],[576],[991],[607],[997],[787],[707],[596],[627],[574],[945],[472],[766],[930],[871],[672],[46],[793],[127],[280],[208],[467],[435],[964],[190],[603],[9],[283],[118],[632],[625],[186],[247],[663],[956],[238],[510],[0],[580],[45],[564],[359],[863],[448],[794],[357],[634],[172],[746],[998],[39],[731],[362],[467],[95],[506],[58],[30],[794],[961],[801],[376],[782],[225],[901],[31],[100],[78],[425],[446],[45],[446],[306],[752],[822],[82],[3],[428],[821],[387],[639],[911],[499],[60],[429],[695],[290],[32],[251],[167],[876],[234],[700],[67],[172],[206],[557]
548,[591],[943],[746],[701],[49],[625],[220],[297],[153],[120],[30],[273],[890],[163],[197],[30],[873],[480],[537],[601],[482],[285],[754],[241],[719],[3],[102],[721],[812],[171],[851],[22],[904],[646],[520],[697],[513],[704],[938],[631],[331],[834],[791],[50],[28],[683],[876],[818],[399],[650],[744],[898],[393],[891],[998],[747],[574],[14],[723],[765],[764],[713],[857],[403],[124],[380],[419],[208],[964],[479],[748],[2],[326],[428],[47],[177],[897],[305],[446],[804],[88],[528],[737],[741],[184],[471],[23],[703],[989],[252],[770],[929],[98],[620],[143],[22],[228],[740],[808],[999]
549,[277],[990],[813],[304],[741],[854],[717],[672],[530],[990],[398],[404],[228],[21],[550],[106],[836],[145],[25],[227],[897],[42],[330],[946],[475],[667],[867],[530],[85],[142],[489],[248],[54],[664],[738],[793],[190],[969],[319],[392],[892],[960],[31],[733],[76],[349],[889],[808],[989],[159],[337],[380],[199],[559],[97],[178],[558],[536],[978],[963],[226],[696],[780],[588],[77],[350],[518],[568],[281],[892],[973],[771],[785],[535],[381],[620],[442],[975],[611],[753],[796],[325],[552],[481],[286],[250],[477],[408],[920],[840],[667],[481],[921],[805],[684],[565],[917],[860],[230],[779]
550,[434],[271],[323],[31],[407],[867],[175],[36],[552],[512],[882],[930],[710],[495],[752],[459],[551],[245],[75],[405],[135],[300],[501],[398],[870],[590],[795],[336],[929],[490],[824],[681],[654],[558],[897],[86],[179],[781],[577],[861],[731],[705],[850],[19],[406],[937],[352],[200],[320],[615],[790],[662],[951],[370],[433],[588],[943],[814],[647],[791],[465],[543],[649],[274],[45],[686],[233],[845],[244],[865],[559],[521],[692],[2],[477],[823],[829],[923],[632],[29],[85],[319],[70],[316],[50],[952],[725],[174],[11],[30],[62],[590],[567],[617],[618],[915],[898],[889],[467],[680]
551,[737],[612],[283],[302],[698],[441],[665],[509],[176],[428],[868],[616],[125],[115],[267],[567],[868],[692],[730],[142],[416],[607],[504],[582],[534],[462],[65],[805],[869],[876],[889],[183],[925],[912],[527],[353],[664],[51],[559],[327],[498],[417],[901],[453],[924],[119],[42],[737],[93],[444],[594],[788],[8],[645],[482],[756],[381],[920],[282],[833],[481],[904],[627],[421],[657],[785],[229],[104],[132],[31],[899],[520],[257],[551],[140],[901],[871],[341],[907],[150],[472],[988],[35],[311],[23],[269],[904],[147],[613],[609],[935],[308],[212],[53],[109],[220],[6],[262],[713],[202]
552,[812],[404],[327],[980],[851],[74],[722],[922],[468],[252],[427],[246],[552],[498],[160],[737],[230],[203],[641],[556],[718],[633],[179],[227],[351],[498],[752],[205],[448],[244],[380],[996],[185],[228],[469],[857],[615],[344],[371],[566],[952],[446],[612],[544],[26],[902],[291],[592],[35],[389],[897],[87],[111],[651],[711],[649],[315],[33],[403],[625],[686],[159],[594],[977],[691],[76],[360],[474],[606],[396],[674],[134],[959],[511],[24],[20],[233],[800],[580],[628],[335],[357],[766],[246],[603],[222],[757],[555],[622],[271],[805],[504],[820],[121],[721],[475],[613],[445],[632],[987]
553,[913],[668],[716],[79],[644],[257],[300],[264],[839],[448],[503],[937],[73],[472],[500],[385],[733],[640],[766],[788],[987],[147],[837],[700],[86],[207],[789],[878],[36],[150],[311],[793],[428],[132],[636],[644],[326],[126],[676],[656],[381],[299],[189],[286],[715],[355],[897],[269],[818],[758],[205],[295],[649],[126],[799],[469],[490],[684],[966],[828],[42],[485],[235],[422],[686],[668],[589],[172],[329],[377],[553],[200],[173],[53],[850],[854],[821],[599],[585],[840],[761],[720],[32],[217],[924],[71],[488],[715],[568],[586],[991],[831],[96],[2],[777],[874],[877],[641],[960],[373]
554,[95],[747],[154],[699],[388],[878],[556],[719],[911],[389],[578],[41],[774],[275],[286],[232],[885],[349],[848],[717],[559],[982],[493],[845],[742],[220],[195],[345],[803],[405],[937],[671],[565],[644],[347],[559],[938],[81],[63],[557],[674],[165],[904],[115],[173],[140],[948],[220],[59],[162],[614],[396],[24],[418],[325],[80],[83],[57],[913],[198],[538],[717],[552],[384],[368],[84],[319],[800],[292],[210],[518],[811],[994],[159],[629],[645],[906],[936],[334],[925],[166],[271],[156],[600],[804],[991],[962],[677],[7],[381],[348],[560],[722],[437],[551],[440],[952],[402],[407],[793]
555,[760],[414],[562],[196],[504],[114],[591],[102],[618],[785],[518],[414],[147],[453],[941],[836],[47],[826],[50],[664],[467],[411],[968],[109],[376],[455],[844],[93],[340],[48],[461],[989],[491],[680],[178],[779],[963],[313],[584],[424],[173],[963],[635],[761],[728],[118],[523],[47],[905],[603],[833],[43],[93],[920],[754],[901],[251],[126],[18],[30],[742],[38],[137],[523],[177],[933],[638],[194],[129],[51],[97],[708],[778],[662],[35],[498],[804],[871],[753],[862],[608],[741],[120],[487],[93],[693],[672],[139],[964],[450],[272],[70],[429],[826],[580],[374],[157],[194],[384],[498]
556,[274],[570],[867],[862],[708],[851],[609],[246],[748],[414],[480],[286],[907],[908],[428],[248],[649],[585],[790],[902],[938],[750],[711],[408],[731],[880],[573],[948],[462],[76],[294],[901],[283],[781],[775],[832],[625],[729],[341],[75],[539],[259],[557],[262],[544],[163],[317],[867],[951],[957],[794],[918],[293],[193],[689],[591],[633],[393],[657],[871],[510],[766],[245],[185],[909],[120],[570],[788],[255],[38],[921],[772],[670],[953],[678],[76],[525],[680],[32],[318],[707],[261],[606],[171],[16],[823],[275],[426],[870],[722],[826],[956],[157],[276],[428],[216],[328],[323],[572],[235]
557,[226],[137],[302],[262],[674],[722],[864],[441],[981],[748],[142],[940],[345],[892],[947],[631],[585],[21],[560],[600],[26],[65],[131],[186],[126],[182],[242],[40],[276],[879],[307],[42],[840],[287],[437],[356],[873],[771],[209],[662],[7],[538],[880],[684],[961],[533],[475],[90],[545],[165],[168],[168],[759],[280],[531],[655],[851],[372],[698],[484],[426],[683],[271],[789],[805],[17],[506],[837],[851],[502],[203],[682],[260],[625],[942],[548],[900],[222],[166],[301],[170],[873],[279],[125],[902],[286],[452],[248],[431],[963],[627],[601],[450],[652],[601],[21],[296],[434],[913],[167]
558,[10],[97],[522],[112],[718],[675],[963],[113],[649],[462],[942],[369],[859],[855],[846],[21],[951],[177],[315],[301],[954],[714],[931],[609],[637],[679],[981],[696],[806],[410],[783],[124],[347],[15],[60],[198],[145],[199],[883],[410],[114],[334],[326],[332],[664],[527],[882],[385],[538],[825],[981],[495],[2],[928],[182],[856],[472],[695],[212],[761],[213],[578],[167],[268],[548],[410],[765],[218],[557],[289],[597],[493],[216],[302],[533],[151],[595],[467],[175],[223],[945],[293],[411],[525],[828],[417],[839],[277],[443],[859],[271],[371],[86],[25],[704],[702],[538],[525],[131],[27]
559,[137],[248],[873],[40],[309],[634],[480],[53],[106],[20],[467],[921],[669],[455],[775],[902],[555],[977],[241],[508],[999],[115],[581],[82],[918],[425],[79],[812],[632],[960],[698],[571],[154],[420],[300],[183],[770],[522],[485],[171],[873],[508],[323],[62],[166],[810],[112],[519],[979],[338],[481],[184],[742],[830],[740],[208],[238],[611],[213],[434],[219],[90],[250],[600],[463],[828],[59],[44],[433],[588],[321],[637],[668],[578],[956],[635],[371],[972],[972],[896],[990],[183],[223],[904],[188],[240],[769],[83],[873],[719],[336],[199],[218],[323],[706],[7],[358],[432],[565],[619]
560,[395],[935],[67],[436],[228],[140],[610],[92],[697],[897],[282],[42],[87],[972],[561],[892],[602],[461],[345],[506],[36],[615],[174],[680],[967],[165],[12],[288],[577],[591],[971],[601],[737],[813],[294],[636],[554],[554],[361],[602],[385],[50],[103],[105],[306],[99],[643],[957],[833],[597],[362],[215],[931],[828],[211],[379],[767],[585],[107],[653],[206],[855],[52],[555],[994],[313],[62],[32],[240],[976],[591],[135],[956],[134],[683],[838],[842],[356],[21],[676],[70],[753],[643],[8],[577],[659],[36],[54],[57],[389],[925],[227],[247],[246],[793],[337],[959],[218],[877],[728]
561,[601],[657],[703],[113],[289],[523],[688],[147],[58],[546],[303],[358],[922],[1],[450],[703],[705],[459],[564],[252],[377],[700],[74],[372],[180],[809],[64],[742],[214],[132],[112],[82],[948],[751],[67],[734],[422],[901],[261],[800],[161],[812],[629],[59],[849],[105],[383],[483],[877],[322],[856],[877],[342],[512],[376],[556],[952],[251],[314],[547],[309],[264],[676],[71],[255],[835],[720],[586],[485],[551],[558],[421],[725],[411],[3],[262],[965],[615],[281],[838],[418],[997],[979],[343],[351],[213],[850],[204],[254],[547],[389],[887],[188],[220],[901],[187],[337],[292],[881],[97]
562,[679],[705],[1],[332],[861],[38],[176],[410],[633],[646],[452],[10],[77],[473],[955],[886],[969],[535],[897],[102],[914],[578],[728],[282],[928],[134],[473],[170],[421],[988],[70],[722],[634],[729],[473],[382],[147],[213],[566],[394],[349],[824],[387],[532],[260],[752],[689],[357],[268],[122],[271],[159],[642],[222],[516],[519],[536],[340],[272],[35],[113],[352],[901],[958],[931],[90],[76],[930],[949],[117],[471],[690],[359],[963],[743],[745],[423],[924],[163],[216],[305],[417],[152],[465],[912],[14],[414],[493],[376],[184],[515],[962],[939],[747],[530],[866],[542],[208],[186],[986]
563,[659],[55],[288],[721],[658],[592],[801],[817],[947],[687],[212],[992],[404],[433],[855],[474],[482],[400],[339],[390],[803],[764],[928],[621],[274],[847],[906],[459],[774],[570],[708],[44],[941],[111],[355],[61],[783],[849],[554],[132],[700],[306],[909],[899],[367],[728],[356],[98],[641],[770],[573],[107],[101],[195],[369],[483],[824],[816],[909],[171],[583],[135],[433],[609],[437],[453],[836],[796],[718],[881],[527],[213],[236],[899],[270],[424],[723],[501],[833],[139],[591],[506],[433],[358],[904],[365],[95],[511],[562],[935],[969],[532],[523],[341],[343],[749],[343],[762],[553],[203]
564,[483],[513],[134],[969],[670],[62],[953],[924],[544],[126],[116],[187],[83],[173],[523],[826],[126],[247],[775],[475],[567],[84],[442],[534],[585],[250],[280],[32],[807],[310],[826],[991],[448],[176],[857],[248],[747],[589],[735],[863],[561],[726],[93],[21],[323],[839],[61],[230],[463],[451],[691],[762],[947],[459],[877],[688],[887],[788],[665],[582],[693],[741],[872],[169],[564],[347],[300],[860],[475],[385],[303],[788],[428],[370],[6],[864],[812],[263],[147],[394],[868],[320],[167],[256],[162],[306],[143],[861],[148],[163],[344],[961],[380],[885],[720],[371],[825],[590],[963],[571]
565,[991],[671],[730],[641],[183],[827],[190],[377],[640],[163],[756],[122],[799],[670],[9],[878],[991],[791],[34],[171],[739],[515],[402],[141],[210],[712],[629],[275],[31],[854],[295],[584],[985],[4],[592],[62],[693],[8],[201],[990],[197],[793],[666],[908],[716],[912],[257],[316],[559],[191],[865],[409],[408],[705],[530],[611],[416],[876],[187],[246],[939],[979],[326],[735],[163],[685],[275],[731],[167],[262],[308],[259],[233],[286],[550],[120],[358],[933],[116],[465],[152],[689],[520],[692],[662],[274],[608],[215],[328],[630],[523],[474],[132],[405],[93],[343],[758],[430],[426],[453]
566,[641],[32],[308],[87],[499],[513],[259],[863],[619],[111],[588],[483],[429],[980],[204],[130],[396],[158],[211],[162],[829],[421],[289],[118],[853],[490],[458],[273],[314],[631],[267],[886],[18],[902],[457],[323],[751],[26],[859],[58],[729],[750],[133],[37],[380],[966],[833],[656],[973],[447],[866],[671],[366],[98],[919],[947],[967],[304],[911],[771],[314],[82],[369],[734],[34],[151],[368],[928],[209],[959],[283],[73],[674],[23],[656],[836],[307],[284],[997],[375],[530],[752],[103],[987],[760],[950],[373],[425],[804],[985],[291],[616],[784],[949],[919],[139],[206],[449],[906],[233]
567,[942],[399],[250],[108],[846],[124],[676],[388],[638],[327],[390],[850],[165],[928],[579],[261],[10],[327],[717],[780],[293],[424],[355],[347],[181],[873],[357],[893],[867],[950],[871],[70],[30],[770],[369],[396],[536],[582],[937],[497],[724],[487],[109],[759],[382],[709],[370],[323],[529],[295],[998],[73],[602],[733],[363],[645],[586],[575],[770],[307],[547],[315],[414],[328],[625],[704],[503],[891],[64],[537],[91],[3],[238],[383],[400],[354],[754],[172],[998],[834],[177],[854],[683],[969],[538],[529],[74],[142],[335],[525],[390],[864],[763],[191],[606],[542],[963],[825],[442],[677]
568,[839],[6],[870],[104],[753],[230],[188],[141],[995],[502],[482],[397],[534],[276],[588],[580],[247],[997],[449],[370],[992],[224],[4],[251],[349],[495],[593],[725],[741],[985],[177],[415],[126],[445],[852],[163],[507],[810],[744],[253],[807],[598],[519],[778],[370],[587],[909],[51],[19],[876],[129],[612],[245],[46],[670],[426],[95],[253],[24],[617],[579],[864],[991],[229],[611],[287],[17],[20],[89],[375],[88],[526],[103],[61],[176],[551],[107],[396],[731],[334],[718],[587],[792],[997],[218],[485],[773],[542],[696],[479],[233],[960],[935],[245],[760],[581],[336],[588],[333],[182]
569,[402],[579],[179],[857],[357],[778],[937],[749],[498],[72],[254],[792],[593],[341],[870],[56],[315],[576],[227],[459],[591],[15],[298],[473],[572],[808],[472],[968],[590],[99],[590],[808],[23],[122],[34],[775],[200],[760],[379],[771],[125],[713],[556],[663],[947],[202],[600],[161],[962],[814],[414],[509],[770],[731],[59],[462],[929],[250],[110],[240],[522],[930],[860],[479],[613],[236],[35],[500],[594],[908],[485],[194],[789],[492],[914],[646],[660],[338],[623],[927],[995],[245],[125],[16],[728],[300],[719],[97],[424],[120],[779],[724],[143],[934],[283],[2],[39],[159],[237],[876]
570,[728],[879],[306],[836],[430],[864],[919],[761],[456],[2],[61],[77],[445],[333],[624],[988],[570],[995],[950],[476],[787],[815],[323],[281],[167],[347],[117],[317],[572],[378],[583],[503],[181],[506],[564],[693],[665],[791],[550],[845],[434],[633],[714],[531],[150],[574],[347],[320],[299],[687],[272],[803],[987],[411],[285],[794],[830],[268],[933],[527],[239],[871],[151],[736],[640],[159],[178],[882],[935],[777],[829],[822],[347],[868],[786],[312],[670],[685],[752],[197],[95],[745],[508],[609],[376],[697],[743],[593],[90],[696],[865],[269],[488],[186],[515],[620],[852],[984],[9],[347]
571,[757],[929],[660],[633],[557],[571],[134],[331],[438],[108],[359],[68],[553],[647],[536],[281],[444],[353],[285],[324],[631],[915],[812],[818],[429],[716],[895],[166],[930],[139],[582],[807],[963],[286],[324],[952],[603],[15],[241],[369],[580],[397],[19],[444],[626],[165],[804],[576],[295],[225],[965],[541],[544],[721],[471],[74],[373],[644],[320],[998],[779],[768],[624],[606],[394],[831],[13],[645],[973],[762],[249],[827],[31],[630],[535],[614],[763],[6],[259],[170],[169],[635],[525],[689],[331],[505],[931],[596],[546],[266],[87],[359],[520],[397],[543],[998],[355],[815],[958],[691]
572,[480],[846],[355],[737],[447],[190],[444],[51],[508],[740],[9],[429],[108],[703],[918],[423],[589],[28],[403],[97],[763],[69],[992],[910],[847],[801],[958],[641],[211],[947],[324],[999],[98],[477],[954],[502],[299],[173],[947],[470],[861],[711],[17],[276],[709],[12],[371],[312],[741],[693],[972],[736],[277],[58],[297],[580],[903],[501],[474],[378],[944],[373],[164],[171],[269],[170],[435],[269],[80],[977],[881],[533],[633],[44],[127],[86],[476],[819],[778],[934],[917],[683],[899],[954],[984],[913],[640],[234],[277],[908],[541],[953],[885],[284],[784],[69],[307],[747],[321],[713]
573,[673],[639],[5],[920],[311],[636],[58],[835],[226],[115],[438],[578],[980],[720],[755],[111],[829],[862],[594],[369],[596],[534],[454],[932],[123],[155],[996],[228],[599],[809],[468],[224],[386],[347],[483],[172],[213],[622],[79],[403],[910],[325],[265],[347],[344],[161],[951],[801],[332],[92],[602],[410],[660],[991],[899],[736],[40],[86],[192],[237],[475],[324],[410],[751],[242],[205],[758],[129],[124],[263],[818],[747],[532],[706],[34],[678],[856],[799],[779],[742],[979],[297],[355],[971],[615],[54],[764],[37],[60],[882],[612],[107],[117],[603],[696],[176],[115],[847],[521],[954]
574,[964],[564],[585],[70],[819],[563],[940],[432],[225],[765],[775],[896],[72],[330],[849],[499],[180],[980],[453],[424],[491],[72],[381],[190],[882],[269],[586],[782],[185],[820],[575],[36],[539],[222],[37],[711],[65],[69],[263],[693],[779],[895],[624],[420],[376],[31],[322],[69],[114],[507],[694],[641],[788],[417],[773],[721],[405],[224],[182],[443],[183],[293],[189],[617],[871],[669],[307],[881],[480],[336],[842],[718],[635],[823],[324],[652],[630],[706],[194],[967],[615],[151],[470],[587],[358],[47],[438],[179],[105],[306],[655],[768],[174],[669],[968],[353],[444],[719],[57],[951]
575,[961],[894],[516],[75],[977],[358],[427],[525],[588],[123],[181],[619],[901],[887],[649],[992],[761],[696],[787],[576],[0],[25],[191],[355],[89],[648],[930],[975],[403],[550],[896],[889],[290],[683],[327],[576],[968],[378],[699],[616],[201],[989],[494],[997],[290],[793],[480],[788],[159],[528],[27],[89],[637],[416],[46],[709],[552],[77],[846],[506],[645],[72],[895],[2],[601],[856],[160],[219],[662],[37],[407],[824],[120],[314],[926],[827],[939],[927],[703],[230],[198],[921],[71],[513],[296],[893],[110],[877],[567],[779],[956],[433],[832],[811],[667],[971],[930],[749],[827],[953]
576,[667],[956],[903],[745],[802],[174],[273],[731],[246],[181],[120],[57],[329],[474],[675],[246],[399],[147],[496],[329],[259],[579],[886],[407],[512],[721],[655],[998],[460],[393],[449],[371],[47],[872],[38],[181],[164],[441],[851],[282],[58],[257],[463],[60],[170],[791],[627],[389],[168],[292],[538],[291],[661],[165],[512],[596],[18],[319],[276],[473],[274],[477],[262],[87],[135],[819],[774],[123],[869],[522],[601],[36],[399],[481],[416],[253],[236],[643],[106],[707],[584],[777],[821],[272],[733],[438],[826],[668],[969],[74],[544],[930],[662],[415],[594],[411],[589],[41],[685],[103]
577,[714],[107],[838],[897],[118],[728],[107],[657],[835],[866],[558],[305],[769],[991],[227],[11],[855],[985],[251],[105],[729],[951],[630],[69],[815],[630],[519],[817],[908],[188],[660],[809],[995],[862],[929],[217],[794],[446],[667],[592],[322],[180],[403],[258],[237],[691],[839],[431],[820],[194],[316],[533],[12],[279],[728],[12],[32],[687],[818],[279],[759],[623],[692],[696],[857],[963],[982],[169],[874],[370],[658],[113],[562],[975],[614],[670],[831],[883],[77],[987],[661],[140],[69],[892],[60],[758],[185],[897],[896],[414],[784],[328],[553],[222],[923],[396],[870],[61],[912],[561]
578,[859],[158],[997],[522],[45],[740],[96],[681],[459],[381],[767],[962],[435],[204],[192],[174],[292],[844],[407],[504],[411],[404],[879],[603],[107],[688],[502],[541],[859],[56],[159],[421],[640],[789],[11],[957],[309],[389],[996],[379],[906],[804],[749],[800],[156],[285],[933],[623],[753],[136],[560],[789],[340],[388],[510],[579],[583],[929],[50],[797],[790],[84],[822],[717],[984],[265],[562],[148],[402],[567],[723],[49],[87],[589],[373],[428],[973],[478],[982],[402],[400],[517],[682],[504],[555],[177],[33],[332],[643],[811],[920],[305],[366],[757],[6],[731],[291],[573],[950],[847]
579,[56],[434],[71],[592],[869],[776],[214],[647],[864],[349],[751],[573],[868],[514],[599],[789],[553],[499],[450],[436],[265],[818],[11],[157],[749],[200],[387],[47],[371],[31],[92],[687],[991],[480],[481],[64],[542],[932],[347],[203],[573],[987],[483],[480],[483],[267],[214],[498],[108],[826],[299],[452],[557],[576],[988],[746],[453],[225],[700],[272],[115],[784],[248],[88],[870],[357],[769],[468],[576],[436],[307],[52],[713],[6],[999],[822],[407],[535],[94],[922],[478],[523],[720],[570],[130],[595],[602],[36],[355],[618],[976],[482],[477],[113],[172],[879],[191],[688],[578],[296]
580,[995],[281],[494],[797],[983],[965],[916],[617],[795],[720],[262],[196],[916],[155],[740],[937],[739],[248],[69],[760],[876],[704],[657],[213],[835],[742],[183],[258],[320],[698],[505],[743],[807],[340],[83],[403],[269],[261],[141],[866],[925],[791],[720],[184],[831],[228],[86],[305],[975],[676],[142],[21],[904],[810],[469],[126],[789],[821],[387],[56],[622],[162],[172],[756],[894],[697],[737],[477],[901],[814],[592],[729],[549],[895],[749],[872],[28],[750],[98],[991],[815],[586],[586],[938],[379],[545],[969],[375],[453],[182],[499],[752],[550],[414],[124],[203],[973],[398],[212],[766]
581,[256],[339],[939],[328],[466],[583],[646],[56],[307],[820],[163],[763],[287],[499],[411],[374],[94],[583],[773],[549],[919],[526],[651],[770],[505],[598],[716],[393],[548],[227],[673],[918],[672],[910],[548],[518],[841],[610],[257],[278],[438],[555],[6],[992],[413],[404],[286],[113],[986],[219],[820],[389],[723],[729],[269],[306],[792],[830],[337],[377],[49],[508],[794],[366],[352],[698],[983],[130],[769],[524],[567],[756],[808],[897],[407],[709],[211],[457],[587],[795],[366],[960],[92],[122],[801],[95],[470],[184],[842],[505],[256],[716],[614],[668],[404],[152],[619],[934],[75],[393]
582,[201],[892],[290],[13],[713],[552],[790],[250],[925],[322],[902],[809],[752],[116],[175],[721],[468],[972],[599],[488],[770],[27],[435],[776],[283],[470],[330],[42],[941],[516],[858],[917],[668],[989],[172],[340],[807],[74],[26],[712],[726],[347],[383],[308],[731],[723],[820],[29],[390],[718],[399],[759],[964],[987],[293],[976],[464],[677],[996],[74],[449],[277],[266],[179],[326],[725],[887],[298],[21],[48],[390],[585],[825],[751],[781],[667],[376],[100],[714],[622],[153],[888],[863],[187],[320],[623],[440],[109],[935],[300],[749],[76],[951],[711],[384],[690],[815],[93],[636],[997]
583,[994],[180],[509],[211],[79],[565],[823],[137],[601],[935],[327],[6],[330],[263],[568],[293],[201],[186],[849],[56],[849],[473],[578],[155],[131],[708],[622],[632],[910],[413],[675],[43],[179],[216],[314],[811],[429],[724],[410],[332],[310],[754],[395],[210],[594],[572],[706],[139],[683],[950],[618],[704],[618],[480],[841],[988],[730],[333],[967],[110],[748],[521],[334],[418],[348],[956],[266],[312],[220],[507],[442],[483],[169],[957],[940],[518],[127],[690],[600],[475],[763],[809],[292],[381],[192],[61],[82],[200],[388],[301],[292],[634],[425],[859],[177],[857],[502],[842],[325],[870]
584,[670],[173],[937],[464],[232],[832],[949],[0],[399],[821],[973],[474],[961],[2],[114],[976],[500],[612],[265],[779],[752],[38],[378],[140],[37],[980],[679],[2],[906],[329],[641],[720],[844],[407],[681],[260],[482],[534],[294],[933],[479],[491],[975],[322],[765],[476],[808],[881],[778],[830],[42],[225],[941],[692],[58],[855],[365],[722],[375],[463],[505],[678],[843],[854],[238],[409],[600],[272],[695],[978],[3],[920],[126],[291],[951],[924],[707],[666],[905],[981],[447],[279],[164],[314],[437],[170],[703],[432],[226],[19],[303],[675],[244],[398],[879],[541],[855],[622],[508],[879]
585,[505],[171],[63],[990],[422],[356],[191],[44],[890],[553],[223],[142],[187],[165],[690],[646],[718],[926],[995],[157],[454],[872],[7],[417],[575],[600],[68],[543],[147],[835],[702],[337],[295],[686],[981],[377],[965],[84],[610],[532],[577],[882],[452],[222],[389],[438],[64],[865],[25],[694],[885],[6],[569],[124],[581],[130],[780],[137],[669],[616],[871],[211],[215],[697],[316],[888],[359],[612],[937],[444],[117],[978],[520],[120],[593],[824],[833],[557],[955],[89],[253],[623],[993],[80],[885],[795],[321],[152],[404],[599],[754],[500],[90],[94],[831],[625],[70],[267],[654],[852]
586,[240],[53],[980],[453],[828],[161],[531],[166],[480],[370],[18],[23],[193],[494],[148],[35],[821],[50],[55],[613],[911],[736],[676],[78],[796],[781],[718],[972],[710],[999],[5],[398],[681],[618],[741],[35],[896],[260],[540],[210],[716],[416],[311],[23],[727],[219],[98],[260],[942],[72],[210],[934],[528],[205],[271],[870],[561],[377],[65],[212],[80],[910],[931],[668],[191],[532],[607],[936],[618],[472],[959],[111],[159],[564],[237],[868],[892],[658],[460],[235],[226],[775],[530],[313],[324],[661],[871],[140],[169],[57],[145],[185],[350],[175],[757],[979],[705],[130],[775],[550]
587,[524],[462],[769],[907],[436],[111],[40],[624],[3],[596],[101],[868],[548],[25],[618],[251],[239],[703],[120],[185],[843],[797],[492],[294],[68],[464],[857],[904],[579],[842],[217],[462],[794],[987],[62],[406],[906],[492],[405],[77],[488],[362],[425],[238],[79],[768],[703],[853],[410],[75],[439],[487],[424],[684],[154],[343],[544],[336],[283],[952],[331],[206],[517],[874],[962],[667],[734],[580],[595],[901],[897],[67],[276],[789],[164],[793],[92],[914],[155],[378],[778],[79],[830],[410],[89],[169],[215],[13],[515],[512],[623],[333],[156],[275],[878],[962],[104],[666],[33],[596]
588,[860],[325],[391],[958],[162],[989],[271],[613],[347],[615],[971],[750],[958],[23],[307],[103],[216],[20],[877],[994],[67],[930],[961],[826],[409],[120],[659],[590],[123],[186],[455],[850],[60],[270],[145],[131],[300],[106],[109],[563],[867],[354],[396],[809],[69],[96],[176],[897],[963],[601],[428],[350],[251],[305],[629],[289],[846],[123],[963],[63],[232],[913],[527],[733],[400],[914],[353],[867],[191],[540],[245],[479],[889],[72],[279],[427],[289],[628],[450],[476],[408],[449],[553],[82],[134],[644],[594],[205],[225],[805],[172],[150],[146],[153],[371],[908],[303],[333],[462],[124]
589,[162],[420],[91],[121],[686],[879],[898],[57],[761],[549],[731],[690],[953],[927],[739],[225],[627],[365],[225],[567],[53],[574],[741],[156],[912],[798],[378],[188],[515],[468],[8],[280],[701],[280],[984],[444],[335],[286],[982],[481],[780],[798],[464],[886],[162],[39],[254],[292],[127],[610],[944],[765],[499],[322],[674],[697],[669],[295],[555],[636],[393],[94],[208],[124],[749],[651],[941],[121],[681],[177],[936],[927],[311],[392],[834],[607],[177],[292],[721],[937],[905],[667],[414],[733],[428],[873],[410],[780],[22],[965],[121],[23],[576],[211],[951],[44],[302],[21],[608],[411]
590,[384],[245],[779],[119],[843],[885],[748],[193],[990],[933],[910],[890],[860],[504],[313],[742],[470],[189],[92],[570],[76],[462],[261],[969],[814],[193],[687],[559],[633],[766],[885],[131],[140],[897],[30],[434],[68],[80],[791],[129],[332],[267],[469],[378],[419],[399],[22],[80],[678],[436],[815],[701],[270],[744],[898],[279],[211],[523],[527],[815],[534],[176],[360],[553],[386],[211],[862],[702],[466],[854],[916],[594],[940],[288],[779],[679],[37],[597],[936],[20],[104],[657],[589],[874],[636],[958],[645],[30],[545],[98],[659],[789],[927],[732],[446],[550],[827],[154],[266],[930]
591,[528],[957],[673],[874],[746],[350],[365],[420],[266],[365],[562],[691],[106],[197],[409],[542],[629],[102],[545],[791],[695],[367],[598],[677],[147],[258],[827],[186],[402],[49],[574],[320],[228],[905],[353],[950],[325],[927],[836],[669],[19],[811],[470],[58],[703],[557],[993],[516],[910],[846],[863],[567],[699],[285],[546],[254],[119],[280],[798],[95],[399],[342],[960],[389],[334],[392],[892],[398],[803],[677],[630],[398],[738],[807],[156],[94],[252],[569],[330],[594],[641],[505],[176],[472],[205],[610],[894],[794],[281],[226],[565],[128],[418],[828],[67],[410],[811],[852],[509],[137]
592,[629],[781],[61],[106],[780],[310],[737],[774],[236],[973],[779],[717],[735],[456],[35],[980],[835],[983],[582],[391],[4],[971],[422],[97],[607],[711],[589],[468],[874],[412],[302],[423],[350],[520],[631],[240],[236],[883],[700],[931],[71],[274],[184],[114],[618],[95],[753],[426],[155],[834],[52],[958],[205],[714],[945],[318],[959],[147],[280],[922],[464],[486],[858],[271],[2],[733],[920],[828],[692],[884],[839],[924],[358],[5],[200],[858],[962],[78],[458],[404],[49],[596],[776],[510],[408],[241],[422],[349],[240],[827],[504],[729],[779],[491],[95],[926],[214],[848],[469],[881]
593,[349],[685],[542],[320],[241],[723],[37],[351],[190],[318],[302],[550],[442],[813],[856],[73],[130],[420],[31],[403],[118],[105],[633],[545],[916],[863],[132],[523],[56],[175],[407],[46],[981],[794],[806],[414],[820],[731],[727],[948],[533],[602],[95],[636],[565],[756],[166],[231],[867],[973],[274],[384],[819],[602],[429],[555],[752],[751],[836],[935],[2],[546],[417],[292],[819],[354],[937],[987],[903],[127],[39],[464],[9],[0],[212],[351],[564],[435],[626],[911],[441],[376],[639],[116],[767],[176],[67],[636],[466],[660],[50],[572],[623],[307],[140],[974],[97],[342],[985],[635]
594,[476],[876],[285],[507],[784],[501],[54],[165],[950],[18],[474],[600],[454],[349],[698],[23],[834],[543],[361],[163],[582],[431],[648],[964],[166],[548],[1],[763],[416],[425],[297],[12],[88],[316],[114],[655],[315],[923],[505],[14],[767],[315],[591],[933],[636],[643],[277],[154],[497],[115],[980],[632],[977],[846],[590],[109],[686],[522],[141],[178],[674],[301],[705],[445],[820],[961],[843],[895],[872],[179],[413],[142],[217],[979],[915],[374],[328],[579],[924],[599],[578],[900],[10],[691],[715],[272],[722],[624],[122],[712],[629],[815],[629],[519],[699],[232],[340],[153],[359],[369]
595,[846],[555],[549],[175],[139],[2],[251],[127],[828],[976],[89],[316],[434],[250],[151],[563],[778],[659],[479],[681],[525],[341],[59],[979],[330],[226],[572],[971],[299],[562],[759],[344],[881],[337],[416],[581],[202],[388],[932],[640],[177],[46],[192],[520],[988],[619],[863],[223],[870],[865],[460],[535],[173],[349],[135],[207],[901],[213],[150],[113],[761],[724],[826],[532],[268],[609],[183],[246],[491],[586],[501],[693],[148],[940],[198],[226],[113],[489],[283],[165],[94],[985],[549],[509],[183],[29],[240],[848],[366],[95],[316],[119],[242],[45],[102],[645],[152],[918],[30],[479]
596,[538],[501],[719],[182],[890],[527],[878],[520],[10],[982],[929],[733],[322],[876],[569],[818],[622],[688],[110],[588],[394],[313],[805],[363],[47],[892],[650],[347],[612],[245],[500],[244],[965],[60],[970],[315],[157],[187],[73],[672],[56],[899],[156],[209],[561],[265],[486],[144],[838],[186],[742],[988],[249],[465],[949],[415],[479],[301],[589],[997],[500],[560],[689],[67],[454],[764],[864],[444],[203],[80],[560],[698],[83],[782],[340],[50],[305],[469],[908],[893],[852],[606],[681],[566],[748],[763],[320],[944],[266],[154],[277],[928],[890],[265],[322],[627],[527],[451],[937],[528]
597,[748],[833],[831],[440],[208],[49],[875],[756],[659],[188],[989],[811],[973],[221],[899],[265],[947],[988],[989],[132],[476],[478],[783],[278],[841],[276],[317],[962],[28],[924],[967],[428],[125],[881],[137],[521],[940],[899],[180],[531],[57],[202],[941],[721],[30],[743],[980],[184],[526],[171],[62],[370],[121],[4],[643],[702],[446],[439],[974],[857],[419],[854],[921],[347],[664],[547],[223],[401],[808],[371],[322],[715],[310],[218],[329],[751],[272],[781],[156],[835],[554],[400],[391],[933],[985],[712],[255],[809],[420],[631],[711],[434],[899],[869],[959],[97],[79],[339],[764],[333]
598,[326],[213],[19],[356],[443],[969],[498],[347],[465],[812],[423],[296],[912],[889],[938],[465],[0],[434],[486],[485],[702],[748],[414],[330],[700],[942],[234],[253],[753],[579],[964],[497],[445],[948],[959],[633],[839],[96],[281],[314],[794],[197],[558],[340],[539],[719],[450],[816],[756],[869],[139],[70],[247],[530],[690],[84],[153],[15],[973],[642],[242],[813],[815],[249],[679],[790],[141],[609],[905],[776],[565],[244],[945],[874],[409],[438],[727],[664],[764],[439],[513],[881],[276],[595],[948],[853],[364],[236],[238],[289],[268],[366],[421],[394],[714],[813],[752],[187],[513],[685]
599,[234],[447],[478],[317],[34],[403],[152],[494],[658],[612],[972],[520],[451],[943],[115],[401],[93],[372],[636],[879],[548],[569],[315],[175],[344],[139],[749],[217],[668],[626],[897],[467],[534],[144],[768],[137],[978],[616],[243],[952],[846],[731],[734],[41],[87],[28],[571],[350],[373],[388],[385],[861],[225],[428],[704],[406],[120],[767],[43],[916],[34],[881],[287],[800],[996],[662],[421],[192],[249],[3],[706],[370],[111],[453],[227],[835],[80],[460],[865],[523],[449],[687],[227],[139],[825],[217],[32],[528],[682],[180],[140],[202],[360],[542],[906],[258],[638],[756],[211],[464]
600,[450],[970],[18],[561],[216],[122],[346],[448],[598],[250],[711],[374],[864],[685],[881],[94],[483],[813],[973],[406],[496],[562],[364],[443],[416],[555],[368],[244],[885],[42],[946],[294],[165],[726],[799],[773],[400],[370],[920],[675],[454],[523],[424],[962],[790],[712],[978],[360],[440],[690],[21],[220],[252],[653],[552],[637],[252],[909],[148],[780],[23],[988],[304],[449],[253],[874],[853],[170],[514],[808],[237],[403],[561],[500],[735],[480],[411],[709],[668],[445],[547],[55],[207],[711],[91],[903],[774],[926],[625],[62],[393],[256],[914],[445],[106],[799],[485],[33],[853],[43]
601,[553],[818],[991],[102],[116],[292],[122],[374],[602],[355],[355],[599],[232],[571],[898],[51],[819],[674],[515],[0],[505],[474],[550],[470],[988],[513],[425],[183],[517],[481],[634],[828],[906],[385],[733],[195],[183],[793],[283],[306],[694],[639],[525],[526],[676],[106],[211],[631],[331],[66],[630],[631],[124],[773],[27],[559],[65],[642],[86],[303],[178],[958],[652],[994],[366],[335],[560],[790],[799],[147],[401],[700],[852],[875],[636],[926],[904],[16],[662],[266],[938],[766],[118],[550],[593],[218],[713],[942],[492],[587],[521],[976],[229],[139],[477],[298],[785],[367],[319],[15]
602,[209],[608],[879],[772],[178],[688],[647],[740],[625],[110],[245],[532],[375],[775],[867],[869],[183],[539],[952],[433],[313],[727],[918],[807],[914],[385],[244],[329],[192],[273],[749],[374],[37],[533],[343],[844],[332],[186],[784],[304],[773],[282],[262],[547],[114],[655],[879],[285],[264],[263],[772],[775],[210],[389],[495],[515],[303],[342],[614],[751],[996],[186],[149],[227],[75],[802],[289],[286],[578],[986],[404],[705],[535],[819],[929],[936],[515],[637],[738],[469],[993],[855],[770],[515],[74],[449],[28],[945],[843],[731],[822],[798],[726],[33],[357],[212],[873],[404],[500],[654]
603,[393],[603],[474],[438],[191],[437],[288],[782],[842],[159],[246],[164],[619],[778],[452],[410],[742],[918],[886],[642],[18],[839],[791],[514],[55],[780],[901],[947],[641],[64],[115],[266],[383],[718],[505],[393],[972],[170],[916],[876],[26],[971],[230],[808],[842],[195],[417],[480],[889],[623],[405],[208],[942],[233],[122],[513],[475],[306],[800],[959],[376],[53],[563],[894],[36],[19],[308],[113],[193],[898],[611],[286],[559],[450],[866],[25],[421],[867],[367],[713],[791],[965],[270],[97],[497],[433],[964],[154],[394],[697],[414],[205],[192],[525],[463],[243],[65],[421],[434],[381]
604,[372],[243],[243],[18],[233],[130],[473],[403],[728],[112],[671],[420],[244],[651],[687],[498],[613],[741],[676],[933],[683],[789],[52],[433],[382],[776],[721],[534],[945],[560],[278],[425],[16],[227],[56],[836],[739],[225],[479],[164],[231],[420],[677],[421],[438],[201],[901],[785],[193],[509],[506],[134],[353],[269],[431],[137],[657],[273],[3],[301],[740],[290],[894],[364],[29],[717],[414],[587],[961],[211],[618],[904],[552],[834],[106],[608],[993],[346],[226],[663],[611],[49],[408],[349],[441],[455],[396],[614],[585],[454],[588],[542],[710],[268],[365],[4],[219],[839],[457],[465]
605,[448],[788],[591],[586],[737],[275],[640],[121],[629],[329],[224],[894],[382],[424],[742],[416],[759],[492],[48],[897],[20],[148],[114],[566],[714],[251],[448],[897],[745],[2],[351],[85],[924],[984],[432],[128],[395],[631],[504],[828],[655],[193],[615],[974],[318],[591],[415],[109],[124],[36],[421],[635],[985],[207],[102],[897],[924],[685],[471],[425],[598],[391],[263],[594],[737],[811],[337],[247],[7],[967],[394],[220],[680],[478],[607],[522],[417],[795],[761],[741],[399],[141],[813],[289],[898],[737],[642],[807],[686],[753],[525],[782],[392],[210],[494],[571],[678],[447],[499],[829]
606,[958],[967],[254],[518],[616],[40],[402],[883],[811],[276],[759],[3],[732],[359],[328],[317],[800],[646],[971],[923],[172],[644],[301],[741],[657],[372],[856],[787],[562],[720],[730],[283],[70],[465],[673],[468],[363],[396],[61],[70],[486],[681],[216],[76],[621],[141],[931],[767],[353],[352],[896],[798],[792],[127],[451],[315],[658],[839],[701],[397],[91],[956],[770],[624],[27],[500],[508],[522],[207],[165],[0],[356],[822],[110],[900],[14],[884],[843],[392],[79],[589],[672],[523],[318],[459],[576],[549],[783],[676],[343],[573],[829],[761],[471],[870],[906],[74],[135],[64],[87]
607,[521],[697],[862],[12],[62],[597],[893],[182],[945],[262],[981],[508],[313],[388],[940],[426],[738],[211],[940],[928],[975],[277],[299],[900],[447],[283],[495],[475],[988],[332],[495],[62],[128],[624],[332],[602],[196],[332],[763],[204],[799],[215],[412],[655],[889],[628],[340],[303],[993],[719],[925],[925],[863],[511],[272],[447],[858],[634],[391],[494],[670],[377],[592],[465],[499],[175],[497],[230],[482],[499],[73],[721],[215],[305],[266],[568],[469],[275],[785],[43],[997],[674],[472],[700],[697],[435],[89],[911],[543],[931],[373],[470],[2],[426],[352],[111],[89],[5],[543],[31]
608,[221],[945],[248],[628],[833],[359],[359],[393],[124],[886],[638],[427],[700],[120],[91],[705],[935],[884],[503],[628],[39],[816],[252],[393],[502],[224],[871],[798],[801],[43],[808],[91],[747],[728],[865],[486],[449],[887],[751],[663],[889],[703],[429],[909],[2],[450],[747],[904],[484],[918],[565],[447],[415],[136],[174],[407],[981],[136],[374],[151],[806],[993],[897],[142],[216],[85],[496],[66],[959],[664],[683],[46],[129],[397],[500],[129],[603],[380],[164],[961],[867],[520],[258],[529],[846],[375],[337],[689],[269],[628],[419],[912],[336],[853],[471],[285],[843],[563],[290],[770]
609,[654],[625],[14],[838],[401],[943],[920],[855],[262],[794],[8],[824],[412],[587],[158],[877],[814],[581],[16],[585],[555],[66],[163],[103],[174],[872],[109],[265],[32],[636],[239],[802],[567],[279],[283],[666],[191],[816],[75],[213],[812],[863],[390],[140],[358],[88],[372],[149],[790],[541],[173],[706],[681],[869],[637],[767],[807],[406],[857],[859],[284],[949],[492],[256],[710],[708],[625],[321],[877],[746],[775],[974],[497],[247],[89],[367],[208],[570],[976],[674],[634],[953],[268],[273],[488],[984],[863],[953],[764],[325],[892],[639],[700],[670],[204],[893],[187],[529],[201],[934]
610,[637],[217],[840],[367],[693],[960],[839],[247],[931],[913],[836],[184],[367],[479],[486],[206],[805],[127],[511],[68],[336],[838],[644],[424],[597],[149],[606],[184],[249],[40],[146],[72],[763],[196],[101],[17],[21],[673],[395],[115],[825],[415],[342],[876],[833],[189],[943],[935],[862],[796],[908],[972],[45],[673],[869],[429],[750],[539],[508],[181],[785],[945],[999],[748],[527],[367],[824],[992],[265],[646],[482],[914],[716],[152],[933],[565],[359],[434],[443],[552],[51],[685],[128],[839],[11],[827],[694],[713],[33],[989],[43],[12],[8],[965],[145],[29],[198],[921],[617],[555]
611,[31],[113],[167],[774],[169],[759],[437],[620],[115],[777],[976],[820],[865],[674],[651],[962],[52],[424],[207],[932],[322],[379],[247],[536],[4],[147],[915],[211],[102],[860],[197],[974],[109],[715],[291],[704],[606],[935],[966],[731],[146],[825],[119],[8],[5],[541],[669],[455],[674],[117],[265],[302],[84],[822],[384],[608],[867],[495],[90],[674],[295],[627],[855],[495],[632],[857],[295],[463],[659],[905],[466],[701],[219],[253],[43],[442],[221],[792],[716],[527],[571],[555],[158],[667],[309],[55],[564],[478],[836],[648],[955],[809],[804],[618],[496],[568],[865],[38],[40],[657]
612,[901],[419],[66],[702],[128],[247],[774],[914],[141],[756],[311],[980],[878],[420],[655],[39],[445],[110],[945],[964],[248],[328],[118],[952],[686],[489],[151],[549],[665],[94],[788],[636],[876],[330],[222],[646],[909],[413],[639],[804],[815],[615],[313],[986],[427],[917],[186],[722],[817],[331],[627],[761],[94],[877],[719],[662],[531],[483],[652],[620],[385],[124],[854],[234],[880],[256],[970],[354],[896],[369],[134],[288],[724],[811],[988],[960],[596],[8],[683],[855],[878],[930],[665],[334],[385],[754],[501],[161],[685],[945],[970],[901],[60],[109],[40],[869],[966],[497],[84],[615]
613,[118],[534],[981],[936],[171],[445],[561],[7],[322],[440],[581],[849],[788],[924],[695],[201],[54],[315],[780],[582],[483],[547],[266],[174],[183],[841],[960],[747],[744],[220],[940],[442],[564],[245],[162],[879],[232],[417],[705],[787],[419],[666],[259],[722],[144],[129],[163],[430],[247],[182],[327],[22],[314],[430],[763],[68],[565],[216],[875],[605],[690],[241],[359],[177],[87],[267],[957],[399],[719],[368],[355],[373],[613],[63],[220],[934],[416],[220],[153],[243],[82],[239],[171],[274],[92],[512],[661],[19],[82],[281],[616],[833],[497],[319],[502],[985],[410],[244],[3],[354]
614,[229],[599],[266],[460],[477],[167],[927],[596],[507],[73],[88],[863],[288],[287],[838],[522],[667],[643],[807],[326],[216],[674],[488],[21],[387],[759],[530],[146],[292],[869],[991],[831],[517],[301],[862],[488],[46],[276],[698],[259],[280],[136],[72],[90],[610],[812],[656],[36],[903],[491],[244],[856],[986],[677],[299],[880],[877],[902],[270],[100],[771],[202],[526],[778],[16],[194],[338],[705],[622],[893],[913],[919],[639],[576],[272],[777],[168],[33],[141],[94],[109],[327],[881],[681],[204],[173],[267],[388],[901],[789],[651],[503],[299],[833],[528],[756],[399],[127],[720],[67]
615,[883],[50],[734],[913],[904],[997],[520],[776],[942],[945],[724],[432],[833],[847],[181],[397],[81],[518],[500],[844],[164],[849],[655],[659],[778],[9],[666],[761],[686],[925],[227],[566],[688],[102],[557],[239],[733],[193],[300],[597],[473],[752],[435],[367],[317],[559],[762],[93],[150],[158],[615],[806],[866],[99],[183],[511],[10],[278],[599],[179],[398],[758],[774],[718],[816],[385],[532],[794],[185],[525],[738],[155],[857],[831],[390],[491],[414],[280],[473],[246],[264],[860],[535],[322],[68],[264],[194],[342],[217],[498],[670],[217],[552],[274],[321],[636],[938],[74],[874],[412]
616,[694],[263],[708],[84],[958],[673],[685],[859],[250],[684],[801],[388],[683],[741],[290],[875],[546],[85],[639],[926],[980],[26],[45],[302],[830],[178],[745],[71],[261],[140],[447],[81],[408],[479],[997],[717],[652],[741],[124],[797],[81],[543],[69],[35],[211],[943],[941],[150],[200],[533],[625],[974],[551],[918],[428],[231],[272],[39],[993],[211],[725],[348],[193],[951],[260],[111],[215],[346],[314],[917],[192],[460],[93],[65],[634],[318],[98],[231],[556],[546],[784],[889],[341],[930],[460],[467],[243],[471],[120],[825],[975],[838],[842],[111],[332],[972],[924],[359],[250],[701]
617,[81],[710],[714],[369],[452],[314],[570],[300],[312],[544],[442],[396],[234],[451],[3],[728],[137],[582],[347],[925],[513],[88],[503],[637],[440],[832],[169],[752],[440],[297],[576],[539],[97],[681],[573],[204],[282],[342],[965],[195],[595],[172],[668],[298],[217],[275],[54],[66],[760],[809],[584],[755],[57],[921],[151],[577],[636],[107],[16],[233],[353],[911],[707],[157],[60],[174],[112],[742],[918],[487],[894],[484],[610],[447],[935],[624],[590],[391],[902],[175],[167],[887],[935],[140],[949],[775],[474],[669],[152],[846],[294],[54],[238],[736],[633],[445],[693],[626],[361],[255]
618,[837],[410],[316],[334],[985],[805],[706],[944],[960],[457],[670],[297],[894],[507],[671],[244],[645],[686],[505],[147],[737],[522],[793],[838],[519],[723],[412],[608],[110],[312],[214],[211],[958],[183],[74],[75],[264],[766],[18],[202],[403],[890],[994],[779],[372],[303],[346],[685],[846],[751],[675],[147],[838],[320],[994],[861],[640],[374],[926],[498],[527],[304],[873],[644],[33],[91],[749],[647],[985],[348],[93],[226],[76],[522],[479],[193],[286],[228],[657],[689],[582],[349],[284],[893],[919],[3],[343],[826],[834],[234],[265],[78],[988],[259],[3],[778],[913],[198],[757],[477]
619,[142],[629],[880],[832],[217],[270],[250],[357],[937],[397],[69],[479],[297],[821],[195],[20],[467],[727],[987],[38],[696],[318],[282],[804],[638],[160],[515],[490],[638],[189],[39],[851],[243],[318],[78],[355],[576],[349],[39],[782],[25],[743],[82],[657],[559],[377],[332],[651],[228],[882],[579],[933],[522],[946],[176],[879],[274],[616],[504],[697],[654],[318],[540],[627],[271],[418],[132],[995],[671],[398],[243],[723],[853],[728],[101],[90],[318],[479],[310],[662],[863],[443],[196],[560],[121],[155],[333],[582],[612],[666],[488],[259],[345],[151],[710],[970],[548],[819],[774],[368]
620,[85],[73],[354],[1],[386],[166],[229],[580],[993],[445],[940],[659],[766],[676],[725],[910],[273],[555],[928],[333],[507],[842],[910],[87],[398],[69],[370],[756],[140],[660],[52],[385],[824],[803],[887],[522],[865],[524],[85],[959],[118],[908],[251],[89],[675],[578],[992],[254],[356],[537],[705],[203],[279],[725],[634],[372],[710],[412],[572],[148],[434],[604],[946],[1],[280],[812],[288],[502],[924],[225],[143],[290],[970],[971],[53],[913],[743],[304],[357],[863],[577],[392],[740],[193],[866],[160],[724],[806],[123],[221],[186],[35],[202],[147],[990],[193],[915],[385],[373],[944]
621,[666],[933],[441],[575],[895],[659],[621],[72],[4],[743],[860],[462],[770],[311],[840],[528],[494],[106],[472],[684],[550],[39],[698],[753],[562],[254],[768],[557],[805],[320],[615],[987],[690],[208],[925],[627],[628],[409],[344],[303],[857],[801],[374],[67],[746],[569],[652],[382],[359],[980],[485],[371],[268],[248],[53],[450],[510],[337],[14],[364],[841],[27],[606],[487],[354],[818],[708],[424],[355],[758],[850],[372],[501],[458],[303],[254],[639],[660],[427],[930],[188],[614],[494],[132],[193],[295],[111],[313],[980],[790],[910],[598],[758],[377],[136],[669],[242],[787],[771],[211]
622,[304],[242],[223],[202],[429],[320],[261],[804],[983],[832],[268],[735],[866],[314],[395],[927],[281],[56],[238],[83],[219],[254],[988],[991],[177],[834],[87],[328],[232],[503],[86],[176],[932],[250],[130],[473],[586],[285],[64],[880],[277],[847],[568],[601],[112],[9],[932],[322],[103],[611],[345],[411],[223],[974],[270],[92],[250],[142],[303],[713],[704],[14],[516],[822],[867],[343],[527],[598],[260],[190],[795],[527],[972],[460],[10],[990],[738],[716],[262],[509],[395],[591],[661],[439],[537],[745],[466],[880],[114],[140],[119],[613],[186],[468],[241],[564],[425],[197],[512],[567]
623,[513],[40],[186],[898],[173],[4],[39],[131],[523],[422],[769],[226],[716],[770],[350],[858],[461],[443],[598],[274],[677],[270],[443],[200],[999],[940],[339],[173],[294],[148],[874],[542],[968],[193],[148],[557],[533],[776],[237],[987],[522],[641],[428],[429],[592],[536],[331],[52],[360],[80],[872],[969],[540],[664],[626],[499],[665],[428],[891],[999],[906],[977],[520],[873],[593],[444],[457],[889],[40],[618],[730],[221],[685],[851],[429],[402],[396],[184],[678],[891],[21],[681],[178],[897],[97],[681],[416],[323],[634],[390],[668],[839],[839],[781],[405],[949],[680],[268],[741],[313]
624,[26],[90],[45],[865],[416],[463],[64],[249],[961],[153],[350],[931],[175],[937],[137],[396],[980],[427],[961],[347],[282],[754],[262],[366],[962],[932],[190],[392],[627],[108],[479],[447],[519],[108],[706],[252],[644],[981],[52],[308],[725],[904],[359],[319],[105],[921],[810],[941],[922],[617],[929],[92],[327],[109],[560],[819],[782],[59],[222],[103],[699],[445],[952],[21],[844],[849],[261],[5],[582],[264],[457],[354],[509],[671],[980],[752],[182],[804],[973],[237],[482],[160],[901],[110],[848],[802],[829],[924],[790],[227],[961],[96],[624],[515],[336],[992],[416],[647],[120],[397]
625,[717],[766],[678],[250],[536],[115],[124],[773],[933],[431],[704],[513],[261],[425],[546],[608],[107],[246],[457],[992],[300],[111],[111],[886],[238],[170],[926],[496],[18],[996],[359],[755],[641],[405],[780],[471],[660],[179],[287],[316],[311],[664],[66],[952],[997],[995],[976],[773],[911],[609],[710],[201],[394],[376],[547],[259],[571],[7],[499],[941],[201],[439],[773],[925],[936],[800],[159],[49],[63],[644],[357],[124],[712],[749],[668],[850],[96],[943],[257],[737],[715],[476],[527],[683],[639],[885],[950],[765],[480],[496],[73],[442],[753],[272],[61],[5],[711],[125],[444],[648]
626,[164],[167],[935],[542],[152],[212],[897],[466],[541],[937],[339],[938],[967],[801],[758],[467],[377],[905],[409],[749],[678],[495],[310],[328],[97],[850],[220],[940],[229],[275],[837],[953],[260],[185],[359],[263],[804],[120],[306],[460],[546],[682],[148],[505],[490],[365],[967],[233],[518],[61],[251],[908],[892],[355],[344],[587],[113],[85],[57],[852],[57],[843],[875],[672],[531],[12],[487],[784],[302],[987],[61],[12],[14],[455],[895],[146],[782],[247],[8],[544],[541],[92],[244],[330],[485],[569],[845],[136],[362],[284],[261],[502],[967],[528],[509],[994],[269],[372],[151],[569]
627,[401],[901],[468],[943],[84],[213],[690],[932],[218],[811],[119],[905],[873],[952],[372],[656],[121],[227],[173],[45],[781],[972],[483],[656],[253],[719],[474],[293],[501],[217],[980],[540],[761],[819],[309],[931],[712],[867],[183],[251],[102],[328],[926],[195],[937],[68],[922],[827],[282],[195],[162],[239],[678],[86],[128],[521],[350],[877],[267],[242],[37],[925],[462],[306],[307],[283],[666],[527],[305],[431],[984],[823],[577],[949],[32],[929],[167],[454],[694],[483],[466],[365],[786],[743],[305],[993],[540],[857],[462],[211],[807],[242],[101],[22],[896],[126],[19],[104],[561],[553]
628,[215],[588],[402],[822],[623],[686],[587],[945],[300],[172],[10],[769],[335],[232],[949],[515],[141],[817],[6],[289],[957],[485],[952],[331],[383],[7],[792],[99],[802],[799],[932],[966],[173],[207],[941],[148],[723],[930],[350],[143],[68],[768],[219],[1],[337],[369],[878],[565],[550],[457],[294],[83],[302],[377],[20],[990],[668],[529],[117],[155],[530],[339],[973],[0],[351],[596],[97],[480],[297],[54],[122],[331],[717],[359],[411],[369],[381],[268],[781],[805],[915],[240],[159],[275],[520],[553],[552],[679],[231],[497],[968],[141],[422],[943],[698],[129],[732],[423],[289],[788]
629,[405],[775],[753],[445],[460],[666],[347],[422],[475],[775],[771],[223],[169],[370],[626],[218],[975],[113],[220],[9],[290],[54],[398],[986],[980],[987],[142],[515],[281],[651],[513],[312],[299],[586],[910],[401],[280],[403],[500],[934],[945],[459],[944],[554],[321],[301],[899],[375],[958],[829],[601],[85],[271],[239],[165],[727],[679],[414],[230],[137],[604],[106],[240],[175],[365],[73],[466],[429],[400],[671],[375],[209],[438],[980],[147],[446],[794],[987],[284],[710],[522],[840],[386],[25],[745],[612],[353],[6],[495],[999],[379],[499],[973],[90],[253],[398],[404],[322],[147],[221]
630,[727],[148],[46],[621],[279],[995],[208],[555],[89],[430],[77],[826],[621],[169],[337],[719],[631],[532],[833],[824],[646],[512],[374],[815],[298],[685],[344],[636],[905],[403],[469],[907],[497],[296],[45],[304],[343],[516],[137],[556],[474],[610],[764],[169],[699],[93],[457],[731],[635],[566],[644],[860],[440],[55],[391],[835],[537],[843],[972],[600],[128],[851],[231],[432],[446],[919],[460],[897],[430],[692],[541],[184],[74],[845],[816],[181],[398],[362],[231],[269],[963],[899],[157],[0],[624],[294],[853],[437],[694],[706],[660],[698],[665],[38],[377],[228],[231],[910],[606],[901]
631,[363],[837],[450],[595],[621],[733],[65],[364],[71],[797],[504],[424],[556],[971],[986],[961],[954],[191],[844],[532],[141],[830],[137],[959],[617],[405],[800],[52],[234],[261],[54],[291],[657],[457],[521],[309],[440],[500],[143],[582],[223],[980],[477],[858],[673],[869],[680],[337],[992],[815],[234],[527],[63],[574],[51],[720],[843],[968],[793],[370],[53],[884],[916],[232],[106],[70],[803],[164],[494],[131],[228],[18],[655],[116],[928],[925],[875],[138],[286],[536],[922],[755],[860],[167],[605],[877],[912],[516],[56],[689],[163],[106],[294],[247],[70],[312],[31],[171],[322],[689]
632,[193],[875],[751],[868],[586],[838],[633],[475],[264],[143],[577],[914],[42],[804],[370],[480],[97],[464],[551],[516],[981],[46],[702],[212],[171],[526],[740],[690],[749],[949],[691],[226],[935],[396],[4],[203],[480],[404],[794],[499],[492],[856],[995],[281],[547],[251],[182],[494],[466],[979],[70],[426],[319],[690],[456],[914],[141],[586],[705],[716],[781],[970],[50],[180],[985],[866],[703],[719],[502],[533],[204],[831],[357],[462],[606],[162],[295],[343],[299],[828],[189],[927],[473],[304],[391],[721],[714],[894],[117],[674],[835],[770],[911],[84],[306],[157],[481],[141],[26],[28]
633,[617],[168],[833],[157],[938],[924],[0],[665],[590],[906],[884],[270],[591],[416],[491],[949],[392],[654],[431],[836],[167],[980],[537],[955],[717],[181],[218],[69],[829],[219],[126],[556],[661],[950],[633],[394],[654],[618],[720],[290],[484],[725],[907],[703],[686],[622],[443],[837],[349],[948],[330],[81],[689],[221],[971],[601],[77],[866],[722],[868],[697],[257],[541],[304],[993],[728],[29],[680],[535],[450],[624],[488],[519],[339],[420],[895],[618],[845],[381],[948],[15],[246],[173],[482],[356],[72],[264],[153],[840],[405],[610],[389],[829],[89],[775],[221],[310],[912],[156],[342]
634,[518],[544],[799],[742],[629],[339],[35],[946],[229],[599],[698],[751],[343],[174],[770],[971],[61],[221],[943],[492],[389],[141],[884],[994],[98],[423],[681],[554],[670],[932],[405],[258],[232],[508],[538],[199],[491],[477],[834],[296],[182],[344],[328],[457],[829],[0],[818],[37],[423],[641],[620],[578],[179],[682],[671],[476],[637],[612],[55],[849],[177],[996],[846],[758],[622],[913],[202],[755],[366],[366],[455],[694],[70],[432],[830],[153],[979],[512],[727],[684],[814],[441],[106],[642],[583],[172],[910],[307],[531],[563],[795],[234],[89],[815],[279],[751],[311],[728],[455],[618]
635,[34],[767],[24],[765],[791],[54],[841],[179],[324],[199],[630],[132],[743],[53],[614],[34],[780],[51],[126],[912],[795],[559],[409],[22],[897],[259],[310],[158],[452],[907],[416],[649],[689],[736],[39],[241],[59],[366],[32],[515],[404],[357],[399],[963],[865],[518],[594],[978],[189],[396],[870],[926],[23],[469],[88],[123],[781],[825],[520],[252],[71],[742],[944],[630],[222],[293],[334],[595],[696],[954],[910],[797],[142],[814],[187],[478],[806],[387],[308],[158],[149],[519],[234],[196],[546],[799],[527],[18],[605],[583],[745],[711],[449],[328],[66],[793],[883],[251],[344],[299]
636,[632],[223],[944],[517],[321],[822],[838],[269],[756],[65],[537],[158],[502],[196],[326],[197],[84],[291],[356],[814],[86],[565],[116],[357],[665],[585],[816],[537],[431],[993],[114],[292],[894],[191],[771],[24],[931],[195],[515],[541],[189],[441],[736],[351],[963],[973],[502],[551],[104],[659],[82],[496],[77],[516],[447],[839],[832],[305],[674],[928],[52],[194],[820],[864],[700],[507],[899],[281],[925],[939],[982],[383],[745],[863],[137],[972],[246],[363],[557],[71],[159],[686],[88],[559],[617],[784],[300],[898],[742],[838],[729],[350],[889],[727],[205],[734],[788],[12],[889],[600]
637,[940],[861],[241],[160],[590],[33],[628],[954],[454],[179],[194],[50],[561],[905],[133],[966],[325],[970],[324],[875],[108],[52],[570],[789],[590],[95],[880],[597],[12],[508],[41],[303],[717],[696],[375],[54],[235],[463],[169],[239],[6],[424],[694],[983],[386],[215],[622],[457],[854],[147],[854],[358],[397],[330],[712],[664],[348],[430],[910],[817],[683],[856],[275],[883],[884],[876],[963],[757],[938],[918],[557],[434],[883],[747],[250],[695],[720],[57],[654],[347],[977],[751],[614],[925],[955],[38],[807],[94],[805],[837],[921],[77],[569],[500],[127],[609],[1],[758],[730],[760]
638,[76],[814],[515],[674],[76],[352],[234],[363],[763],[280],[551],[136],[131],[733],[519],[582],[698],[628],[263],[167],[792],[166],[733],[386],[958],[99],[406],[270],[99],[649],[186],[925],[698],[143],[244],[589],[702],[152],[684],[220],[365],[230],[246],[123],[656],[836],[720],[575],[822],[164],[259],[953],[720],[641],[484],[517],[421],[219],[526],[692],[762],[886],[136],[584],[109],[592],[205],[236],[391],[219],[684],[846],[475],[651],[199],[869],[972],[912],[864],[904],[617],[169],[729],[942],[854],[498],[299],[506],[659],[162],[571],[146],[211],[936],[422],[502],[823],[513],[378],[922]
639,[424],[252],[996],[400],[197],[945],[681],[895],[555],[830],[580],[339],[636],[960],[732],[40],[536],[747],[394],[778],[25],[591],[936],[636],[926],[141],[211],[306],[461],[407],[852],[592],[51],[362],[55],[858],[854],[28],[729],[192],[641],[568],[636],[153],[614],[993],[981],[662],[527],[546],[979],[862],[133],[812],[584],[751],[31],[970],[170],[769],[116],[119],[553],[279],[76],[589],[104],[235],[605],[950],[451],[325],[595],[401],[520],[907],[432],[87],[269],[323],[556],[4],[874],[706],[750],[76],[322],[960],[146],[494],[927],[987],[381],[98],[438],[189],[783],[461],[111],[267]
640,[102],[932],[922],[349],[319],[644],[477],[365],[533],[463],[953],[253],[177],[541],[528],[839],[116],[32],[193],[843],[746],[870],[870],[794],[134],[144],[77],[797],[773],[807],[733],[474],[527],[758],[724],[815],[640],[88],[172],[772],[309],[965],[878],[27],[340],[18],[479],[875],[30],[333],[781],[357],[927],[732],[908],[844],[104],[24],[865],[726],[97],[986],[728],[290],[506],[568],[671],[165],[2],[33],[809],[217],[606],[95],[191],[423],[746],[865],[93],[298],[443],[969],[782],[957],[198],[969],[451],[301],[849],[884],[998],[918],[642],[76],[529],[898],[819],[961],[623],[358]
641,[187],[482],[20],[342],[885],[554],[131],[126],[623],[834],[348],[724],[968],[761],[549],[863],[433],[725],[388],[647],[877],[804],[734],[904],[856],[393],[512],[578],[357],[296],[618],[997],[155],[173],[979],[593],[146],[331],[34],[52],[9],[969],[222],[70],[243],[242],[953],[749],[999],[670],[111],[372],[548],[359],[750],[377],[369],[207],[429],[403],[88],[917],[955],[952],[599],[947],[502],[435],[658],[773],[446],[388],[527],[353],[759],[163],[510],[404],[893],[26],[606],[266],[502],[133],[896],[66],[740],[979],[522],[781],[726],[53],[125],[4],[224],[149],[141],[413],[686],[46]
642,[578],[528],[312],[768],[192],[946],[38],[669],[827],[432],[674],[266],[633],[984],[92],[161],[550],[883],[854],[984],[3],[142],[683],[421],[937],[527],[441],[983],[650],[303],[7],[581],[962],[261],[361],[902],[627],[596],[289],[47],[634],[69],[545],[216],[927],[429],[319],[400],[977],[820],[765],[629],[741],[820],[31],[943],[873],[221],[363],[42],[77],[565],[883],[658],[114],[858],[122],[30],[190],[833],[480],[282],[743],[482],[7],[484],[560],[377],[986],[519],[210],[939],[594],[130],[22],[909],[534],[676],[617],[406],[880],[934],[878],[633],[174],[682],[316],[101],[603],[283]
643,[105],[143],[652],[89],[491],[71],[784],[327],[430],[452],[962],[92],[582],[65],[67],[290],[429],[155],[612],[561],[328],[75],[626],[675],[347],[574],[684],[705],[886],[553],[604],[451],[784],[852],[964],[92],[851],[122],[721],[521],[455],[273],[743],[451],[256],[608],[307],[97],[746],[45],[436],[405],[666],[194],[187],[903],[99],[732],[986],[379],[313],[605],[446],[346],[62],[196],[468],[252],[730],[830],[623],[971],[207],[557],[722],[553],[64],[451],[45],[511],[165],[321],[485],[964],[381],[735],[656],[216],[267],[575],[330],[347],[492],[374],[590],[824],[587],[766],[258],[780]
644,[109],[191],[30],[389],[940],[694],[306],[369],[493],[235],[648],[581],[647],[529],[250],[270],[606],[623],[77],[659],[960],[592],[549],[203],[221],[889],[848],[429],[456],[545],[185],[481],[100],[518],[739],[970],[662],[461],[569],[263],[915],[894],[238],[737],[329],[968],[183],[26],[87],[156],[303],[439],[318],[589],[409],[575],[366],[303],[339],[423],[958],[464],[430],[631],[95],[702],[214],[180],[504],[981],[14],[118],[464],[49],[443],[920],[479],[733],[492],[782],[481],[534],[898],[961],[87],[941],[34],[592],[180],[482],[748],[99],[120],[533],[682],[533],[244],[13],[153],[497]
645,[921],[964],[512],[29],[372],[681],[754],[79],[206],[419],[659],[445],[278],[151],[33],[364],[948],[88],[11],[771],[344],[922],[627],[318],[718],[898],[319],[482],[47],[537],[856],[565],[728],[900],[983],[227],[409],[579],[351],[993],[895],[554],[53],[455],[379],[181],[453],[342],[421],[887],[959],[505],[233],[296],[884],[955],[810],[542],[792],[667],[812],[191],[169],[435],[924],[588],[927],[285],[30],[800],[505],[781],[252],[202],[441],[874],[501],[515],[362],[38],[511],[808],[204],[652],[622],[842],[66],[716],[618],[559],[644],[537],[979],[846],[800],[155],[155],[287],[43],[487]
646,[156],[812],[669],[49],[580],[651],[432],[19],[810],[699],[276],[680],[110],[111],[251],[341],[156],[163],[396],[502],[667],[601],[232],[18],[599],[282],[402],[866],[118],[322],[188],[588],[889],[578],[408],[735],[837],[505],[975],[96],[592],[800],[570],[645],[355],[213],[637],[133],[967],[32],[553],[785],[305],[844],[464],[706],[23],[464],[612],[8],[644],[320],[62],[712],[654],[390],[820],[654],[655],[592],[677],[204],[769],[753],[252],[465],[355],[697],[276],[776],[544],[993],[656],[49],[685],[82],[465],[162],[268],[126],[979],[657],[656],[723],[112],[536],[830],[228],[518],[161]
647,[678],[769],[916],[608],[478],[873],[741],[788],[283],[240],[547],[752],[613],[852],[300],[924],[152],[453],[759],[545],[413],[589],[868],[539],[227],[482],[787],[788],[766],[905],[72],[550],[11],[381],[788],[515],[281],[879],[228],[149],[415],[880],[10],[149],[943],[605],[362],[667],[174],[128],[720],[892],[937],[757],[261],[346],[204],[180],[68],[647],[754],[161],[479],[391],[978],[161],[964],[224],[173],[1],[893],[524],[828],[220],[295],[145],[428],[636],[9],[268],[535],[388],[714],[423],[90],[206],[781],[261],[2],[942],[331],[300],[631],[185],[693],[214],[557],[695],[341],[133]
648,[643],[582],[865],[312],[722],[753],[704],[506],[877],[36],[50],[249],[294],[293],[653],[442],[91],[148],[685],[996],[971],[772],[140],[579],[124],[971],[127],[139],[778],[390],[167],[576],[872],[830],[675],[50],[144],[876],[800],[250],[353],[211],[704],[244],[4],[539],[717],[909],[562],[667],[796],[807],[99],[806],[684],[260],[8],[275],[2],[795],[498],[763],[786],[628],[930],[420],[489],[210],[829],[192],[595],[253],[17],[649],[417],[234],[634],[902],[148],[487],[206],[669],[169],[610],[308],[808],[172],[500],[221],[784],[222],[298],[635],[928],[636],[837],[50],[635],[769],[958]
649,[925],[993],[435],[253],[910],[315],[821],[718],[87],[339],[255],[788],[856],[148],[368],[19],[418],[41],[701],[414],[831],[843],[832],[358],[494],[187],[707],[449],[172],[875],[145],[216],[480],[822],[209],[37],[777],[379],[436],[833],[638],[331],[647],[135],[645],[615],[375],[95],[774],[527],[888],[158],[127],[932],[370],[761],[92],[217],[113],[509],[215],[625],[37],[620],[292],[371],[690],[606],[839],[996],[680],[293],[483],[230],[291],[217],[866],[468],[31],[761],[468],[541],[763],[178],[802],[639],[489],[502],[822],[247],[369],[996],[493],[607],[945],[835],[653],[325],[868],[74]
650,[331],[966],[519],[743],[167],[882],[150],[228],[13],[128],[898],[66],[172],[707],[864],[158],[464],[566],[932],[134],[723],[436],[268],[526],[822],[188],[241],[789],[551],[432],[850],[323],[868],[321],[455],[651],[174],[954],[507],[474],[567],[467],[516],[158],[965],[860],[601],[428],[340],[580],[954],[589],[375],[468],[6],[451],[772],[109],[473],[977],[597],[633],[173],[981],[843],[646],[960],[624],[970],[220],[285],[963],[423],[760],[563],[277],[718],[137],[782],[75],[834],[344],[397],[422],[754],[132],[554],[741],[346],[379],[489],[493],[615],[460],[464],[347],[879],[516],[677],[431]
651,[542],[851],[260],[978],[619],[410],[63],[223],[487],[145],[697],[514],[86],[132],[136],[931],[598],[666],[765],[904],[892],[49],[819],[375],[356],[221],[28],[743],[305],[178],[662],[801],[244],[659],[655],[219],[273],[630],[418],[703],[289],[747],[368],[217],[844],[649],[877],[11],[201],[189],[556],[817],[979],[326],[139],[715],[337],[570],[407],[985],[705],[939],[318],[898],[541],[470],[581],[792],[284],[685],[127],[35],[361],[846],[574],[508],[605],[227],[489],[70],[461],[189],[844],[870],[967],[589],[924],[473],[77],[896],[950],[558],[370],[213],[465],[59],[332],[697],[969],[577]
652,[577],[106],[744],[714],[695],[581],[941],[941],[644],[850],[952],[359],[708],[40],[860],[372],[479],[638],[916],[799],[395],[600],[287],[631],[326],[752],[468],[319],[450],[930],[954],[78],[385],[769],[844],[524],[543],[951],[207],[941],[191],[277],[413],[878],[564],[235],[37],[413],[709],[513],[208],[900],[218],[32],[755],[771],[968],[579],[158],[930],[436],[953],[219],[927],[811],[689],[872],[604],[45],[604],[371],[467],[484],[758],[821],[940],[350],[852],[203],[851],[495],[361],[996],[228],[768],[731],[925],[274],[752],[196],[241],[258],[384],[501],[467],[902],[979],[817],[621],[266]
653,[459],[819],[497],[249],[324],[713],[452],[967],[740],[802],[457],[855],[960],[864],[984],[49],[25],[302],[692],[774],[426],[413],[243],[925],[773],[453],[94],[965],[757],[547],[301],[823],[724],[779],[301],[438],[855],[988],[166],[383],[389],[139],[284],[773],[127],[753],[823],[297],[266],[922],[307],[652],[458],[80],[91],[394],[728],[112],[163],[72],[28],[265],[21],[259],[873],[260],[622],[962],[823],[756],[411],[629],[815],[637],[84],[598],[730],[116],[607],[207],[971],[252],[153],[656],[635],[777],[670],[177],[761],[777],[853],[550],[630],[698],[429],[478],[795],[687],[517],[530]
654,[607],[432],[712],[947],[257],[537],[571],[821],[258],[798],[244],[833],[837],[956],[441],[325],[891],[702],[244],[603],[760],[808],[960],[65],[884],[35],[941],[456],[639],[723],[36],[741],[795],[576],[252],[512],[930],[600],[549],[983],[133],[226],[707],[679],[506],[182],[766],[566],[657],[953],[250],[172],[556],[992],[417],[294],[880],[735],[101],[569],[707],[470],[501],[297],[515],[998],[609],[979],[153],[796],[644],[609],[56],[690],[640],[93],[641],[260],[505],[833],[429],[497],[334],[34],[563],[150],[742],[648],[361],[71],[943],[369],[594],[915],[631],[33],[145],[115],[20],[198]
655,[792],[509],[755],[616],[901],[389],[418],[240],[359],[787],[299],[889],[452],[289],[956],[199],[906],[382],[621],[352],[517],[845],[471],[225],[954],[584],[161],[231],[535],[803],[798],[832],[691],[398],[66],[66],[310],[24],[921],[699],[941],[288],[536],[816],[866],[67],[353],[481],[226],[837],[745],[664],[306],[11],[164],[834],[966],[318],[284],[899],[270],[421],[745],[270],[340],[358],[152],[810],[615],[232],[981],[577],[824],[322],[321],[930],[486],[521],[622],[933],[534],[527],[263],[665],[700],[765],[525],[680],[500],[456],[840],[894],[931],[527],[598],[655],[428],[129],[397],[257]
656,[211],[206],[537],[755],[417],[621],[217],[935],[502],[467],[437],[945],[25],[118],[538],[771],[883],[552],[499],[278],[209],[537],[612],[814],[618],[279],[632],[335],[983],[328],[174],[392],[116],[243],[392],[456],[636],[125],[853],[997],[368],[628],[572],[527],[98],[309],[907],[726],[996],[840],[379],[76],[328],[967],[302],[974],[652],[859],[58],[462],[204],[97],[19],[686],[164],[187],[507],[707],[708],[253],[832],[615],[675],[352],[663],[519],[217],[665],[210],[444],[713],[333],[193],[880],[633],[504],[329],[795],[646],[151],[269],[834],[923],[716],[616],[117],[567],[312],[98],[237]
657,[412],[292],[622],[713],[69],[543],[880],[842],[485],[405],[628],[95],[620],[10],[75],[488],[202],[567],[370],[392],[638],[271],[367],[329],[721],[485],[869],[786],[903],[402],[746],[521],[192],[699],[290],[422],[683],[996],[111],[860],[115],[394],[903],[524],[106],[503],[283],[729],[662],[6],[461],[723],[653],[966],[920],[836],[424],[325],[322],[793],[174],[585],[470],[725],[967],[679],[488],[405],[148],[311],[29],[511],[348],[426],[232],[899],[87],[522],[414],[857],[659],[677],[294],[982],[151],[605],[199],[243],[749],[293],[634],[684],[811],[967],[518],[483],[751],[301],[577],[126]
658,[595],[495],[113],[199],[244],[330],[765],[235],[997],[966],[412],[227],[899],[74],[357],[342],[395],[799],[198],[752],[435],[540],[856],[729],[809],[524],[192],[268],[832],[291],[141],[200],[218],[640],[441],[525],[431],[235],[478],[776],[360],[603],[804],[603],[466],[43],[593],[965],[666],[838],[653],[871],[464],[158],[611],[113],[721],[462],[605],[410],[688],[252],[441],[412],[417],[775],[878],[39],[609],[809],[190],[157],[576],[828],[637],[776],[937],[870],[572],[719],[252],[446],[556],[580],[944],[478],[726],[606],[991],[84],[940],[171],[274],[163],[812],[344],[608],[211],[516],[208]
659,[389],[516],[691],[921],[395],[638],[720],[463],[158],[487],[46],[969],[85],[771],[928],[948],[755],[209],[687],[865],[85],[305],[300],[253],[544],[924],[496],[758],[789],[491],[245],[635],[22],[701],[657],[404],[313],[354],[4],[857],[761],[786],[782],[712],[267],[765],[386],[349],[441],[792],[793],[797],[221],[555],[895],[753],[660],[597],[475],[149],[423],[849],[468],[408],[7],[232],[709],[73],[422],[730],[726],[21],[168],[688],[369],[61],[176],[115],[3],[743],[658],[88],[834],[451],[167],[514],[182],[541],[779],[877],[349],[600],[789],[122],[262],[672],[773],[223],[28],[270]
660,[97],[832],[641],[719],[960],[720],[947],[741],[536],[224],[164],[215],[188],[66],[463],[349],[29],[879],[938],[192],[942],[876],[543],[706],[281],[653],[52],[890],[669],[526],[246],[602],[777],[871],[940],[891],[789],[842],[56],[117],[511],[903],[706],[379],[135],[47],[414],[906],[225],[141],[990],[274],[347],[767],[910],[402],[576],[707],[350],[766],[444],[710],[366],[974],[48],[16],[454],[676],[782],[378],[531],[114],[268],[337],[75],[618],[290],[787],[25],[506],[370],[880],[26],[682],[99],[727],[79],[21],[135],[668],[803],[652],[767],[548],[672],[739],[652],[845],[505],[643]
661,[18],[29],[206],[406],[235],[707],[753],[91],[28],[651],[523],[284],[951],[222],[474],[531],[330],[860],[899],[608],[630],[108],[917],[415],[582],[442],[394],[675],[326],[97],[230],[253],[256],[759],[526],[244],[402],[680],[871],[2],[489],[795],[818],[566],[8],[740],[312],[995],[839],[121],[100],[865],[980],[232],[864],[213],[920],[230],[446],[517],[875],[991],[958],[561],[651],[189],[151],[262],[22],[571],[530],[97],[271],[826],[286],[967],[783],[133],[351],[783],[18],[312],[891],[200],[954],[494],[654],[92],[127],[296],[744],[142],[881],[820],[278],[598],[822],[667],[968],[154]
662,[600],[786],[508],[637],[767],[595],[515],[202],[285],[709],[513],[405],[650],[353],[493],[824],[964],[832],[26],[674],[487],[906],[46],[933],[696],[913],[624],[35],[139],[711],[610],[56],[455],[762],[927],[818],[268],[168],[378],[938],[766],[97],[997],[412],[250],[139],[559],[715],[5],[637],[328],[133],[193],[925],[22],[69],[600],[551],[366],[106],[998],[899],[473],[741],[198],[292],[356],[489],[967],[965],[857],[307],[408],[681],[709],[119],[784],[325],[909],[769],[489],[44],[232],[208],[996],[997],[985],[749],[636],[397],[720],[525],[699],[621],[383],[404],[390],[521],[244],[244]
663,[404],[790],[802],[708],[957],[453],[264],[888],[391],[336],[37],[276],[823],[464],[18],[452],[474],[423],[437],[207],[57],[725],[568],[676],[571],[967],[153],[471],[728],[79],[341],[162],[870],[890],[385],[49],[233],[539],[829],[535],[747],[564],[71],[914],[976],[13],[282],[522],[803],[417],[915],[112],[462],[476],[497],[261],[144],[92],[903],[18],[288],[669],[285],[59],[520],[875],[175],[411],[523],[661],[305],[782],[444],[285],[82],[182],[141],[877],[725],[613],[542],[932],[805],[162],[283],[899],[455],[706],[99],[374],[628],[980],[960],[7],[309],[790],[577],[557],[781],[975]
664,[823],[422],[488],[192],[345],[133],[630],[505],[112],[875],[82],[636],[118],[445],[878],[286],[743],[265],[37],[880],[352],[146],[956],[123],[983],[768],[147],[564],[332],[500],[734],[490],[239],[335],[532],[180],[661],[756],[683],[936],[673],[336],[61],[439],[635],[840],[149],[465],[26],[56],[249],[677],[697],[321],[207],[617],[919],[185],[858],[518],[54],[915],[532],[949],[205],[524],[194],[318],[902],[870],[736],[332],[494],[316],[320],[545],[999],[483],[256],[76],[668],[805],[603],[90],[404],[486],[553],[931],[841],[744],[886],[626],[401],[681],[473],[70],[985],[87],[935],[315]
665,[89],[3],[360],[922],[894],[546],[326],[332],[550],[817],[804],[154],[62],[336],[311],[2],[502],[769],[374],[422],[404],[590],[539],[903],[300],[374],[870],[869],[702],[775],[928],[376],[21],[170],[745],[765],[917],[953],[734],[172],[259],[869],[846],[325],[509],[807],[229],[844],[273],[974],[816],[325],[655],[613],[732],[550],[192],[99],[609],[660],[865],[327],[874],[559],[279],[862],[721],[433],[225],[363],[657],[385],[265],[10],[105],[954],[84],[879],[442],[600],[847],[958],[605],[973],[386],[732],[571],[458],[866],[459],[56],[856],[949],[987],[660],[689],[663],[284],[353],[225]
666,[191],[974],[330],[860],[26],[256],[464],[607],[390],[721],[450],[698],[115],[883],[416],[683],[684],[130],[485],[293],[707],[548],[809],[547],[474],[827],[311],[802],[372],[587],[142],[400],[798],[109],[995],[388],[540],[963],[406],[554],[512],[707],[773],[235],[229],[645],[359],[6],[988],[285],[159],[827],[761],[204],[168],[457],[480],[398],[636],[967],[166],[730],[830],[310],[188],[395],[333],[544],[755],[381],[998],[319],[95],[150],[23],[953],[992],[236],[394],[763],[311],[651],[252],[557],[515],[452],[408],[836],[951],[745],[889],[775],[728],[822],[863],[459],[257],[720],[552],[205]
667,[815],[31],[139],[835],[296],[492],[873],[323],[712],[645],[418],[848],[549],[746],[457],[62],[421],[347],[673],[668],[449],[647],[524],[44],[154],[59],[963],[886],[887],[278],[55],[215],[492],[983],[61],[420],[489],[41],[370],[814],[193],[559],[775],[945],[916],[328],[241],[823],[944],[842],[504],[766],[958],[227],[368],[64],[64],[769],[144],[748],[5],[966],[237],[780],[866],[999],[641],[965],[526],[474],[943],[899],[780],[440],[695],[462],[949],[751],[23],[682],[213],[857],[787],[822],[880],[144],[336],[889],[628],[700],[760],[166],[33],[429],[712],[745],[321],[972],[923],[908]
668,[173],[460],[632],[37],[911],[858],[502],[722],[750],[216],[273],[490],[531],[422],[988],[561],[188],[805],[669],[768],[855],[928],[875],[7],[816],[607],[442],[284],[842],[280],[551],[308],[863],[748],[138],[182],[40],[925],[608],[781],[668],[53],[740],[536],[875],[295],[549],[464],[99],[756],[634],[832],[648],[913],[170],[125],[892],[389],[853],[954],[539],[828],[157],[254],[141],[363],[512],[365],[327],[16],[465],[102],[6],[792],[647],[396],[531],[107],[983],[277],[66],[575],[889],[827],[304],[312],[818],[244],[280],[36],[413],[177],[431],[769],[217],[522],[57],[999],[765],[768]
669,[655],[807],[55],[4],[839],[194],[67],[668],[856],[627],[649],[993],[786],[743],[598],[700],[535],[187],[930],[474],[369],[901],[802],[50],[33],[341],[973],[368],[961],[368],[589],[705],[703],[52],[627],[366],[495],[238],[887],[234],[924],[691],[961],[942],[258],[417],[725],[706],[308],[925],[217],[931],[650],[471],[264],[6],[209],[51],[571],[230],[524],[170],[694],[804],[856],[167],[509],[267],[416],[428],[967],[505],[343],[593],[16],[664],[576],[285],[800],[328],[144],[270],[388],[522],[771],[911],[51],[238],[39],[160],[82],[385],[266],[313],[486],[200],[225],[692],[245],[292]
670,[269],[123],[298],[139],[337],[653],[313],[989],[21],[712],[52],[468],[411],[525],[705],[313],[441],[735],[572],[2],[679],[136],[882],[249],[265],[344],[785],[428],[379],[706],[448],[249],[123],[253],[308],[442],[398],[695],[342],[841],[65],[668],[48],[213],[952],[116],[32],[12],[626],[135],[192],[768],[113],[900],[848],[825],[738],[438],[103],[111],[186],[56],[701],[704],[834],[118],[554],[871],[318],[804],[544],[192],[625],[343],[103],[882],[773],[811],[58],[837],[64],[166],[503],[755],[180],[431],[535],[686],[414],[543],[203],[512],[589],[622],[197],[671],[820],[191],[113],[718]
671,[233],[531],[211],[310],[759],[383],[384],[447],[581],[768],[870],[942],[255],[520],[537],[726],[321],[759],[845],[385],[434],[93],[412],[746],[357],[190],[331],[956],[565],[958],[944],[259],[939],[164],[924],[516],[187],[376],[373],[530],[477],[199],[485],[373],[530],[586],[467],[560],[482],[166],[216],[675],[475],[575],[112],[492],[39],[188],[279],[46],[356],[630],[533],[850],[133],[255],[552],[388],[783],[680],[6],[826],[880],[613],[594],[219],[212],[592],[959],[166],[729],[799],[887],[796],[873],[577],[25],[120],[18],[534],[340],[739],[600],[739],[68],[585],[845],[571],[155],[824]
672,[462],[816],[456],[399],[361],[470],[268],[893],[914],[884],[920],[280],[378],[560],[95],[159],[657],[335],[137],[39],[509],[468],[202],[819],[521],[494],[826],[44],[222],[341],[56],[699],[715],[610],[621],[430],[397],[68],[936],[280],[106],[810],[351],[831],[240],[693],[94],[409],[294],[853],[107],[313],[790],[850],[541],[62],[695],[972],[332],[669],[501],[457],[121],[943],[321],[518],[342],[163],[256],[409],[772],[190],[776],[97],[835],[737],[41],[831],[441],[204],[898],[415],[937],[287],[80],[127],[77],[842],[150],[856],[248],[631],[83],[32],[155],[167],[645],[625],[118],[423]
673,[439],[693],[541],[651],[880],[499],[687],[736],[23],[482],[793],[609],[265],[842],[315],[553],[48],[864],[355],[986],[608],[434],[895],[383],[621],[849],[182],[924],[558],[737],[345],[522],[922],[368],[349],[920],[550],[367],[459],[525],[376],[285],[371],[384],[602],[135],[947],[810],[794],[411],[226],[314],[72],[816],[568],[962],[240],[649],[326],[300],[716],[487],[22],[827],[478],[665],[362],[41],[686],[380],[494],[686],[580],[724],[353],[983],[171],[743],[868],[420],[93],[890],[389],[972],[811],[304],[211],[619],[93],[516],[684],[932],[62],[973],[691],[708],[676],[80],[671],[508]
674,[158],[682],[477],[66],[117],[342],[231],[586],[78],[902],[645],[422],[248],[936],[324],[955],[917],[636],[933],[732],[813],[304],[447],[128],[627],[541],[689],[683],[441],[334],[938],[585],[957],[133],[826],[849],[976],[719],[427],[684],[891],[255],[639],[47],[171],[967],[563],[629],[680],[886],[412],[712],[554],[899],[897],[47],[394],[812],[30],[993],[302],[167],[61],[794],[411],[852],[211],[465],[733],[79],[855],[352],[479],[541],[961],[124],[489],[261],[425],[955],[212],[711],[636],[686],[145],[187],[502],[771],[672],[200],[733],[663],[913],[596],[415],[486],[178],[118],[7],[256]
675,[350],[586],[157],[793],[263],[397],[813],[764],[173],[45],[267],[131],[780],[476],[374],[432],[806],[236],[966],[679],[917],[239],[94],[250],[144],[245],[761],[673],[35],[211],[180],[34],[936],[30],[687],[613],[706],[472],[644],[227],[515],[864],[590],[126],[241],[463],[301],[642],[580],[468],[645],[878],[853],[884],[43],[453],[808],[263],[934],[848],[75],[916],[434],[648],[906],[364],[567],[105],[12],[464],[72],[908],[585],[920],[713],[447],[228],[533],[829],[983],[663],[784],[610],[156],[427],[395],[617],[304],[536],[468],[695],[736],[912],[704],[387],[544],[769],[575],[932],[42]
676,[570],[684],[377],[466],[211],[205],[904],[833],[739],[173],[552],[703],[320],[389],[762],[223],[491],[587],[311],[946],[262],[506],[825],[164],[529],[475],[56],[822],[984],[396],[316],[288],[516],[911],[113],[830],[478],[37],[809],[60],[478],[209],[46],[445],[641],[367],[92],[795],[317],[373],[483],[189],[586],[180],[1],[222],[888],[600],[941],[733],[985],[618],[258],[516],[889],[219],[867],[753],[446],[895],[840],[728],[929],[102],[597],[59],[744],[607],[415],[183],[289],[869],[829],[616],[132],[794],[830],[559],[577],[943],[418],[923],[871],[640],[578],[473],[679],[248],[252],[164]
677,[878],[787],[556],[671],[367],[240],[546],[383],[85],[23],[822],[805],[318],[954],[603],[970],[749],[60],[63],[35],[316],[687],[27],[930],[898],[699],[706],[820],[705],[724],[538],[182],[464],[839],[574],[542],[466],[784],[250],[309],[662],[521],[202],[78],[899],[925],[461],[55],[368],[409],[185],[166],[69],[695],[863],[360],[103],[482],[839],[474],[95],[433],[866],[700],[78],[38],[617],[81],[432],[595],[798],[719],[212],[200],[247],[857],[857],[69],[273],[602],[935],[538],[911],[556],[765],[679],[245],[207],[874],[510],[646],[283],[876],[962],[716],[101],[722],[474],[365],[785]
678,[689],[616],[835],[487],[94],[6],[541],[567],[794],[217],[604],[612],[369],[693],[615],[747],[215],[616],[968],[496],[355],[692],[342],[948],[373],[356],[998],[974],[335],[58],[263],[18],[220],[980],[555],[969],[184],[958],[905],[892],[875],[387],[583],[372],[265],[594],[842],[435],[321],[387],[725],[466],[797],[492],[879],[999],[380],[314],[785],[918],[447],[256],[225],[208],[658],[567],[280],[76],[339],[350],[85],[99],[44],[187],[704],[782],[890],[29],[522],[429],[572],[862],[179],[282],[415],[350],[205],[662],[778],[904],[191],[91],[696],[970],[56],[255],[215],[238],[614],[132]
679,[557],[140],[930],[923],[506],[131],[31],[619],[673],[292],[383],[197],[581],[26],[830],[536],[37],[218],[337],[261],[181],[327],[811],[438],[871],[231],[113],[60],[135],[55],[28],[381],[80],[443],[218],[460],[415],[922],[995],[99],[933],[489],[310],[700],[768],[230],[749],[511],[53],[91],[668],[840],[766],[211],[609],[307],[670],[796],[356],[389],[784],[906],[956],[420],[489],[533],[200],[389],[640],[798],[616],[774],[649],[385],[193],[415],[340],[608],[784],[868],[970],[352],[123],[674],[31],[910],[258],[434],[187],[70],[128],[238],[870],[190],[479],[674],[955],[698],[818],[608]
680,[196],[289],[303],[53],[316],[747],[301],[487],[453],[94],[886],[145],[640],[99],[237],[502],[424],[922],[878],[304],[606],[384],[508],[988],[160],[591],[427],[57],[277],[437],[337],[341],[643],[577],[410],[883],[599],[345],[234],[177],[148],[831],[504],[612],[118],[90],[890],[19],[458],[192],[502],[300],[835],[382],[36],[403],[266],[476],[288],[818],[147],[840],[733],[995],[234],[537],[689],[320],[843],[11],[76],[597],[584],[615],[981],[139],[29],[127],[119],[202],[348],[815],[105],[50],[582],[383],[223],[534],[337],[63],[443],[331],[258],[144],[126],[695],[177],[259],[348],[802]
681,[465],[405],[458],[502],[806],[7],[532],[498],[109],[100],[455],[860],[689],[829],[34],[958],[784],[202],[379],[509],[176],[174],[164],[231],[524],[675],[588],[331],[445],[904],[386],[351],[219],[605],[102],[222],[427],[127],[650],[24],[623],[983],[999],[729],[288],[613],[930],[803],[948],[398],[463],[548],[561],[374],[645],[276],[360],[956],[209],[947],[992],[238],[721],[518],[786],[318],[766],[866],[175],[355],[725],[247],[241],[246],[939],[437],[536],[847],[551],[362],[469],[975],[718],[637],[170],[813],[993],[431],[83],[270],[25],[430],[666],[931],[307],[900],[435],[506],[959],[336]
682,[987],[265],[168],[903],[88],[36],[894],[10],[891],[25],[416],[661],[481],[669],[440],[29],[389],[471],[748],[871],[894],[493],[148],[713],[769],[217],[575],[944],[780],[154],[537],[750],[324],[197],[406],[539],[276],[795],[636],[584],[275],[383],[808],[948],[44],[609],[53],[299],[576],[180],[658],[437],[883],[316],[327],[291],[6],[433],[29],[195],[570],[715],[969],[49],[583],[242],[906],[304],[556],[445],[707],[733],[660],[543],[405],[606],[659],[633],[746],[412],[78],[191],[600],[60],[842],[900],[760],[792],[506],[568],[586],[327],[660],[793],[753],[988],[5],[158],[251],[813]
683,[704],[498],[955],[187],[887],[11],[226],[89],[254],[755],[249],[955],[603],[659],[43],[893],[1],[82],[395],[531],[918],[756],[141],[306],[175],[792],[656],[20],[398],[797],[224],[678],[755],[657],[914],[956],[801],[903],[525],[16],[29],[756],[915],[39],[733],[482],[807],[966],[725],[367],[61],[52],[47],[474],[824],[807],[598],[510],[197],[460],[146],[607],[125],[63],[666],[541],[845],[829],[44],[168],[45],[853],[118],[283],[346],[174],[462],[842],[142],[591],[640],[105],[459],[331],[478],[948],[308],[398],[789],[219],[678],[904],[133],[797],[949],[6],[687],[880],[872],[61]
684,[25],[382],[101],[30],[652],[567],[778],[615],[671],[714],[714],[565],[642],[998],[706],[964],[973],[740],[177],[495],[908],[640],[867],[607],[811],[429],[782],[202],[432],[806],[98],[958],[514],[101],[779],[90],[591],[167],[206],[773],[583],[132],[490],[334],[287],[172],[30],[142],[126],[741],[394],[143],[135],[971],[445],[3],[876],[988],[447],[122],[879],[584],[385],[938],[17],[275],[879],[28],[233],[359],[186],[922],[803],[771],[386],[950],[721],[763],[996],[821],[994],[503],[820],[500],[238],[324],[429],[233],[292],[267],[909],[863],[409],[86],[802],[153],[633],[427],[825],[25]
685,[510],[199],[670],[333],[227],[118],[719],[215],[96],[633],[71],[672],[23],[575],[359],[641],[734],[283],[416],[991],[110],[798],[219],[382],[687],[758],[203],[154],[587],[510],[711],[516],[162],[62],[708],[97],[957],[643],[963],[315],[181],[637],[817],[588],[410],[8],[128],[883],[366],[85],[748],[674],[323],[317],[965],[786],[840],[741],[167],[96],[542],[644],[451],[738],[635],[796],[250],[812],[741],[765],[43],[975],[693],[695],[327],[969],[490],[114],[560],[352],[308],[874],[789],[673],[549],[840],[996],[929],[551],[723],[361],[108],[278],[746],[293],[614],[204],[522],[47],[968]
686,[870],[166],[818],[134],[934],[231],[678],[342],[954],[791],[247],[356],[114],[14],[778],[853],[255],[738],[680],[269],[776],[187],[881],[5],[26],[535],[832],[640],[828],[598],[903],[150],[627],[901],[196],[784],[181],[844],[707],[500],[730],[145],[811],[530],[788],[861],[422],[291],[134],[317],[919],[834],[350],[40],[758],[748],[309],[705],[998],[156],[860],[39],[848],[928],[391],[843],[866],[153],[439],[88],[528],[973],[328],[325],[492],[856],[927],[440],[266],[858],[216],[465],[290],[74],[588],[263],[317],[702],[692],[333],[792],[200],[834],[358],[423],[922],[612],[494],[810],[209]
687,[62],[70],[161],[809],[156],[454],[332],[210],[174],[558],[739],[170],[623],[375],[323],[180],[212],[701],[756],[482],[253],[669],[792],[555],[893],[582],[503],[245],[399],[992],[580],[652],[515],[937],[449],[7],[283],[40],[598],[585],[723],[620],[260],[239],[510],[151],[458],[772],[434],[330],[801],[227],[982],[550],[244],[299],[222],[691],[333],[454],[487],[714],[945],[636],[835],[308],[583],[730],[187],[728],[296],[762],[43],[308],[91],[448],[146],[696],[377],[687],[56],[771],[499],[941],[250],[667],[506],[997],[74],[113],[197],[569],[411],[708],[82],[416],[508],[91],[261],[720]
688,[28],[351],[663],[130],[82],[490],[486],[407],[292],[438],[885],[198],[314],[348],[637],[888],[977],[351],[793],[95],[87],[853],[796],[102],[818],[952],[509],[635],[700],[478],[835],[407],[311],[738],[482],[791],[18],[377],[27],[975],[968],[250],[228],[947],[281],[443],[822],[914],[990],[832],[843],[684],[738],[904],[435],[573],[693],[706],[559],[775],[98],[326],[382],[220],[139],[46],[469],[826],[372],[477],[479],[742],[39],[777],[336],[159],[508],[129],[73],[111],[600],[126],[429],[672],[914],[376],[375],[482],[974],[134],[690],[417],[20],[938],[561],[401],[810],[83],[15],[34]
689,[181],[333],[687],[744],[811],[704],[412],[317],[433],[340],[839],[965],[515],[134],[462],[193],[848],[890],[167],[194],[618],[64],[898],[663],[801],[784],[486],[585],[691],[755],[953],[757],[832],[838],[729],[185],[985],[852],[466],[336],[421],[546],[405],[303],[582],[241],[997],[960],[920],[711],[121],[165],[869],[578],[215],[805],[495],[959],[388],[560],[650],[321],[671],[14],[433],[435],[722],[952],[936],[482],[176],[929],[485],[395],[530],[353],[518],[375],[790],[512],[184],[221],[835],[45],[634],[705],[911],[373],[153],[462],[37],[37],[780],[648],[713],[208],[29],[36],[150],[196]
690,[315],[196],[106],[99],[115],[53],[888],[876],[717],[335],[542],[74],[196],[5],[625],[708],[539],[787],[154],[777],[681],[350],[667],[890],[566],[428],[373],[470],[583],[922],[375],[37],[748],[353],[229],[772],[124],[769],[532],[18],[122],[262],[680],[228],[111],[858],[748],[411],[79],[422],[696],[794],[667],[134],[583],[894],[411],[975],[449],[192],[428],[20],[386],[372],[685],[955],[753],[590],[680],[648],[539],[542],[872],[995],[2],[56],[267],[152],[812],[430],[256],[273],[802],[222],[229],[469],[128],[595],[378],[782],[987],[285],[664],[486],[22],[368],[540],[188],[438],[439]
691,[91],[716],[911],[64],[748],[874],[783],[394],[184],[629],[616],[741],[480],[487],[702],[906],[43],[26],[726],[801],[439],[175],[642],[138],[910],[789],[81],[155],[770],[12],[276],[193],[437],[473],[371],[565],[870],[262],[208],[352],[754],[524],[381],[304],[280],[694],[565],[736],[219],[231],[115],[776],[962],[420],[349],[430],[131],[658],[952],[466],[517],[463],[906],[125],[388],[117],[971],[407],[365],[938],[711],[387],[836],[192],[13],[615],[43],[979],[737],[107],[756],[292],[958],[387],[960],[850],[247],[436],[846],[58],[147],[152],[898],[843],[649],[315],[981],[757],[146],[337]
692,[708],[613],[466],[111],[925],[291],[791],[707],[956],[191],[285],[746],[235],[149],[223],[593],[311],[238],[278],[687],[289],[320],[258],[694],[271],[146],[322],[621],[830],[455],[770],[640],[670],[444],[547],[787],[853],[75],[981],[412],[456],[221],[334],[644],[353],[844],[330],[753],[902],[64],[458],[584],[703],[339],[106],[30],[969],[472],[256],[837],[420],[105],[604],[653],[821],[575],[683],[86],[773],[391],[854],[616],[663],[534],[255],[479],[814],[839],[390],[803],[680],[93],[969],[6],[335],[223],[423],[665],[535],[116],[787],[848],[240],[734],[941],[209],[603],[507],[831],[213]
693,[496],[373],[875],[5],[485],[530],[408],[656],[52],[582],[274],[943],[214],[858],[977],[435],[801],[927],[336],[571],[371],[182],[922],[237],[463],[853],[29],[191],[524],[946],[762],[859],[909],[894],[133],[760],[420],[675],[363],[886],[351],[991],[917],[145],[204],[821],[18],[563],[671],[540],[269],[15],[140],[309],[44],[157],[395],[648],[645],[763],[92],[940],[12],[834],[961],[368],[378],[244],[235],[673],[335],[664],[512],[25],[893],[460],[209],[808],[272],[558],[255],[559],[208],[310],[808],[94],[984],[364],[87],[594],[737],[391],[230],[777],[988],[308],[92],[835],[507],[759]
694,[148],[375],[237],[885],[946],[639],[739],[251],[152],[724],[871],[102],[938],[649],[101],[373],[124],[207],[4],[947],[573],[784],[312],[961],[35],[705],[771],[828],[363],[52],[322],[872],[954],[352],[561],[907],[958],[978],[328],[889],[784],[254],[581],[873],[941],[881],[898],[151],[194],[55],[905],[200],[606],[982],[687],[140],[525],[588],[510],[996],[212],[651],[807],[360],[773],[745],[31],[179],[590],[675],[872],[153],[979],[925],[183],[984],[347],[786],[4],[463],[593],[618],[261],[884],[152],[871],[442],[178],[916],[749],[906],[406],[707],[731],[653],[863],[954],[103],[885],[672]
695,[288],[320],[587],[949],[410],[980],[115],[412],[51],[222],[760],[648],[736],[136],[953],[644],[458],[462],[217],[52],[819],[56],[861],[735],[10],[631],[226],[967],[362],[594],[136],[401],[528],[160],[689],[358],[708],[373],[795],[976],[445],[119],[819],[514],[966],[65],[797],[448],[591],[142],[845],[139],[460],[421],[318],[393],[107],[873],[523],[417],[367],[429],[781],[826],[901],[580],[700],[505],[881],[78],[165],[186],[26],[989],[265],[595],[893],[371],[304],[64],[263],[402],[929],[573],[124],[908],[241],[475],[118],[315],[827],[607],[546],[311],[860],[500],[33],[744],[162],[981]
696,[385],[164],[7],[724],[525],[562],[119],[333],[996],[328],[791],[272],[793],[450],[226],[978],[730],[162],[23],[322],[143],[425],[293],[642],[44],[441],[444],[587],[761],[675],[358],[113],[817],[203],[169],[901],[986],[236],[506],[937],[282],[405],[881],[324],[244],[403],[247],[496],[462],[850],[953],[257],[600],[57],[906],[790],[720],[669],[227],[552],[587],[484],[162],[318],[277],[684],[907],[136],[942],[91],[220],[359],[385],[609],[392],[728],[158],[810],[26],[260],[295],[643],[709],[873],[455],[525],[928],[111],[413],[786],[125],[967],[618],[612],[342],[877],[357],[7],[105],[623]
697,[114],[356],[573],[138],[539],[128],[221],[344],[971],[826],[666],[106],[885],[327],[266],[172],[456],[466],[975],[901],[68],[762],[513],[613],[91],[869],[200],[124],[689],[195],[556],[986],[538],[885],[415],[993],[682],[30],[455],[419],[860],[144],[107],[296],[234],[654],[249],[542],[597],[774],[526],[456],[188],[500],[734],[58],[227],[110],[248],[298],[468],[353],[131],[320],[874],[712],[522],[62],[756],[763],[449],[280],[0],[329],[294],[223],[860],[283],[676],[996],[667],[633],[538],[109],[462],[487],[26],[671],[24],[695],[599],[403],[954],[49],[798],[170],[881],[607],[687],[288]
698,[532],[100],[819],[220],[16],[743],[990],[906],[358],[184],[831],[936],[134],[597],[990],[128],[981],[195],[49],[522],[627],[310],[797],[878],[690],[968],[781],[225],[113],[458],[408],[84],[551],[847],[591],[42],[497],[939],[65],[604],[559],[200],[576],[610],[658],[908],[320],[826],[90],[321],[787],[946],[900],[700],[279],[802],[13],[73],[133],[572],[618],[749],[439],[458],[999],[590],[382],[644],[443],[292],[15],[188],[84],[687],[519],[30],[876],[888],[240],[539],[693],[418],[29],[978],[261],[423],[327],[321],[371],[117],[916],[916],[768],[694],[266],[993],[290],[608],[847],[867]
699,[985],[47],[155],[275],[258],[298],[97],[934],[765],[790],[323],[294],[673],[941],[206],[843],[38],[777],[896],[533],[257],[100],[926],[654],[414],[237],[149],[460],[267],[442],[315],[840],[859],[211],[937],[763],[169],[535],[815],[11],[762],[706],[863],[294],[346],[797],[266],[876],[69],[127],[256],[17],[320],[272],[567],[55],[645],[515],[912],[796],[300],[140],[900],[781],[231],[139],[761],[999],[210],[821],[961],[507],[452],[336],[171],[605],[136],[835],[892],[977],[804],[999],[626],[251],[322],[653],[393],[890],[279],[179],[91],[750],[43],[332],[32],[138],[941],[773],[928],[913]
700,[903],[914],[166],[164],[764],[785],[840],[167],[497],[286],[275],[488],[164],[135],[364],[266],[308],[431],[2],[676],[157],[208],[563],[277],[200],[392],[713],[535],[618],[8],[14],[820],[743],[974],[825],[155],[209],[980],[816],[214],[30],[89],[956],[419],[179],[828],[113],[985],[869],[956],[768],[968],[381],[763],[555],[893],[627],[421],[35],[376],[257],[720],[828],[321],[673],[60],[871],[167],[832],[581],[163],[106],[426],[82],[635],[643],[865],[689],[573],[726],[942],[219],[8],[596],[290],[819],[849],[533],[496],[328],[639],[395],[638],[46],[806],[761],[240],[315],[304],[145]
701,[963],[503],[635],[161],[355],[183],[247],[285],[888],[880],[497],[211],[995],[951],[974],[509],[559],[615],[826],[750],[639],[523],[159],[67],[408],[943],[422],[558],[601],[592],[140],[891],[331],[233],[504],[410],[995],[151],[148],[344],[226],[841],[945],[396],[107],[127],[215],[910],[115],[632],[846],[875],[820],[252],[593],[90],[236],[324],[633],[391],[218],[664],[94],[591],[528],[93],[972],[116],[393],[672],[367],[418],[402],[319],[784],[197],[719],[406],[964],[493],[651],[514],[297],[558],[189],[600],[484],[907],[887],[259],[928],[974],[652],[82],[42],[871],[648],[182],[239],[836]
702,[410],[387],[737],[353],[625],[287],[341],[94],[733],[272],[802],[389],[216],[754],[464],[403],[362],[159],[716],[746],[786],[21],[470],[771],[275],[180],[30],[851],[186],[466],[135],[231],[2],[464],[144],[374],[852],[166],[270],[356],[935],[937],[237],[350],[9],[758],[38],[371],[401],[897],[396],[644],[938],[354],[15],[985],[567],[485],[968],[292],[837],[629],[524],[228],[283],[107],[40],[488],[960],[754],[519],[506],[570],[703],[302],[184],[336],[516],[561],[995],[581],[217],[987],[413],[784],[442],[326],[914],[212],[344],[939],[432],[513],[69],[916],[38],[315],[603],[618],[317]
703,[590],[984],[886],[443],[893],[47],[507],[395],[635],[137],[888],[21],[947],[532],[432],[857],[352],[637],[280],[294],[740],[238],[975],[257],[395],[823],[532],[698],[149],[771],[258],[416],[309],[291],[490],[725],[239],[457],[188],[126],[411],[858],[597],[436],[326],[83],[366],[264],[564],[375],[202],[223],[798],[426],[457],[957],[392],[442],[348],[323],[162],[721],[344],[117],[910],[884],[711],[683],[56],[653],[991],[865],[418],[817],[891],[236],[604],[529],[37],[337],[34],[543],[817],[821],[871],[131],[843],[584],[530],[991],[497],[853],[740],[971],[830],[588],[989],[879],[755],[631]
704,[160],[342],[416],[850],[933],[658],[169],[310],[424],[954],[76],[742],[637],[845],[774],[219],[327],[780],[883],[983],[839],[204],[106],[317],[917],[843],[58],[949],[82],[986],[988],[32],[304],[854],[539],[580],[780],[401],[49],[223],[912],[381],[391],[173],[251],[237],[213],[943],[158],[696],[511],[465],[112],[632],[926],[846],[568],[341],[500],[312],[282],[829],[18],[792],[103],[505],[379],[927],[632],[221],[298],[939],[393],[704],[139],[57],[557],[508],[530],[217],[646],[592],[778],[868],[972],[267],[875],[919],[739],[747],[954],[165],[620],[896],[885],[912],[458],[589],[645],[511]
705,[780],[273],[644],[78],[618],[690],[201],[938],[356],[515],[818],[34],[695],[622],[616],[48],[185],[875],[761],[698],[309],[585],[637],[589],[558],[122],[803],[925],[344],[851],[834],[229],[137],[334],[235],[892],[775],[177],[704],[218],[210],[481],[316],[485],[477],[976],[333],[945],[328],[940],[883],[451],[422],[896],[199],[665],[905],[984],[546],[220],[836],[526],[888],[22],[282],[731],[117],[42],[711],[280],[705],[276],[322],[866],[665],[200],[108],[715],[692],[200],[436],[469],[907],[845],[412],[956],[78],[821],[853],[463],[405],[451],[984],[780],[184],[928],[834],[469],[883],[656]
706,[828],[11],[994],[384],[727],[789],[205],[786],[513],[788],[560],[594],[286],[725],[932],[661],[796],[621],[319],[660],[927],[117],[621],[619],[554],[397],[351],[954],[792],[204],[264],[348],[17],[397],[552],[914],[975],[58],[692],[28],[17],[964],[936],[183],[219],[214],[606],[601],[54],[442],[928],[594],[713],[213],[137],[460],[689],[400],[752],[256],[896],[938],[233],[976],[662],[352],[327],[223],[564],[286],[889],[105],[109],[750],[292],[11],[232],[211],[555],[585],[998],[908],[945],[336],[705],[965],[914],[159],[350],[129],[151],[693],[644],[748],[96],[17],[229],[629],[458],[60]
707,[409],[190],[205],[97],[754],[290],[495],[530],[261],[860],[186],[585],[89],[431],[162],[871],[884],[235],[549],[50],[43],[739],[663],[279],[394],[354],[457],[571],[73],[66],[657],[772],[858],[941],[822],[490],[941],[233],[239],[459],[617],[389],[185],[818],[513],[660],[610],[127],[541],[213],[113],[749],[877],[60],[842],[763],[608],[958],[121],[613],[883],[454],[729],[895],[21],[804],[292],[501],[511],[203],[681],[649],[42],[663],[623],[329],[456],[182],[102],[85],[987],[558],[306],[437],[499],[317],[325],[450],[907],[419],[275],[14],[920],[697],[927],[508],[245],[980],[970],[845]
708,[681],[451],[274],[549],[803],[171],[149],[390],[865],[242],[875],[108],[245],[363],[587],[220],[986],[606],[900],[91],[354],[672],[656],[335],[802],[28],[751],[147],[935],[816],[684],[453],[144],[276],[762],[678],[544],[258],[432],[415],[505],[621],[732],[806],[737],[747],[120],[735],[237],[888],[242],[915],[411],[48],[808],[1],[439],[122],[10],[461],[859],[796],[490],[899],[627],[398],[285],[89],[215],[452],[435],[834],[938],[922],[352],[212],[55],[389],[493],[698],[701],[548],[595],[290],[395],[866],[376],[633],[882],[636],[765],[568],[135],[258],[533],[635],[533],[49],[916],[327]
709,[199],[64],[175],[168],[683],[890],[91],[864],[25],[865],[338],[29],[116],[785],[349],[717],[406],[42],[662],[76],[470],[517],[156],[740],[57],[507],[137],[248],[50],[926],[133],[774],[625],[891],[804],[364],[680],[683],[856],[61],[601],[839],[190],[902],[828],[707],[634],[501],[896],[228],[730],[299],[834],[290],[301],[357],[785],[232],[414],[386],[543],[947],[228],[831],[459],[210],[747],[319],[178],[764],[287],[557],[500],[409],[633],[815],[928],[926],[559],[759],[866],[493],[250],[899],[136],[519],[755],[973],[229],[824],[848],[772],[149],[354],[129],[538],[124],[32],[376],[14]
710,[716],[124],[31],[193],[602],[731],[211],[20],[560],[354],[468],[375],[464],[357],[897],[769],[293],[272],[866],[798],[101],[746],[814],[968],[785],[240],[366],[852],[306],[165],[220],[196],[261],[221],[777],[843],[254],[734],[444],[347],[803],[792],[49],[567],[791],[217],[507],[334],[407],[750],[958],[983],[164],[952],[784],[775],[20],[794],[638],[398],[391],[416],[400],[602],[350],[578],[840],[311],[517],[334],[315],[857],[607],[52],[209],[997],[766],[256],[888],[939],[119],[474],[274],[326],[276],[971],[204],[568],[233],[109],[19],[682],[340],[691],[231],[194],[544],[735],[609],[692]
711,[566],[324],[194],[374],[515],[520],[262],[513],[94],[636],[407],[832],[477],[660],[100],[469],[534],[511],[542],[358],[810],[509],[847],[288],[806],[2],[851],[669],[284],[249],[81],[597],[423],[31],[444],[683],[301],[429],[514],[721],[313],[623],[281],[187],[147],[42],[303],[710],[422],[402],[808],[359],[175],[558],[69],[459],[790],[603],[63],[491],[821],[726],[89],[503],[987],[635],[850],[776],[807],[58],[506],[183],[914],[42],[419],[546],[995],[965],[606],[488],[614],[165],[702],[56],[372],[248],[682],[638],[824],[651],[506],[563],[645],[266],[236],[829],[668],[305],[164],[89]
712,[488],[524],[41],[386],[481],[791],[826],[37],[333],[857],[894],[607],[543],[415],[203],[322],[317],[930],[209],[977],[1],[106],[948],[178],[764],[366],[890],[314],[312],[975],[563],[301],[633],[717],[466],[297],[700],[870],[629],[644],[75],[857],[176],[949],[786],[52],[230],[261],[476],[505],[324],[534],[724],[9],[304],[713],[699],[693],[776],[754],[733],[812],[995],[984],[883],[323],[172],[950],[899],[182],[162],[648],[897],[815],[997],[978],[439],[265],[739],[118],[383],[508],[883],[929],[641],[316],[4],[558],[857],[79],[296],[441],[438],[318],[495],[648],[623],[374],[189],[542]
713,[93],[558],[195],[761],[553],[756],[666],[746],[38],[489],[230],[644],[729],[549],[487],[436],[853],[743],[604],[200],[479],[621],[739],[710],[886],[628],[524],[952],[687],[366],[4],[580],[114],[792],[965],[132],[255],[821],[77],[144],[552],[557],[347],[483],[390],[266],[46],[265],[917],[685],[403],[906],[898],[146],[262],[732],[514],[982],[444],[583],[211],[964],[856],[110],[344],[327],[657],[472],[166],[299],[13],[176],[518],[125],[283],[680],[273],[648],[861],[812],[563],[578],[144],[424],[770],[69],[419],[786],[303],[429],[703],[64],[855],[787],[71],[492],[828],[165],[842],[967]
714,[537],[663],[117],[456],[554],[157],[104],[750],[776],[118],[845],[516],[379],[586],[187],[254],[971],[872],[70],[998],[898],[528],[834],[483],[88],[545],[417],[693],[626],[479],[132],[637],[413],[128],[958],[176],[759],[109],[743],[286],[759],[859],[687],[175],[141],[598],[975],[443],[831],[943],[726],[845],[821],[543],[853],[432],[797],[640],[211],[413],[511],[686],[31],[798],[229],[558],[326],[844],[607],[43],[879],[934],[623],[582],[545],[15],[969],[480],[487],[300],[48],[916],[931],[670],[47],[261],[593],[799],[194],[453],[815],[891],[781],[40],[60],[605],[995],[911],[315],[319]
715,[526],[992],[892],[351],[541],[364],[762],[153],[350],[167],[236],[476],[698],[393],[713],[675],[882],[953],[543],[450],[420],[729],[772],[763],[610],[806],[210],[51],[578],[618],[933],[559],[153],[104],[303],[519],[211],[180],[690],[899],[931],[249],[336],[922],[996],[546],[688],[13],[393],[539],[377],[998],[809],[620],[403],[412],[441],[926],[269],[632],[872],[22],[93],[812],[120],[493],[341],[119],[224],[580],[727],[334],[919],[280],[259],[659],[310],[25],[409],[324],[510],[906],[134],[279],[818],[619],[809],[469],[549],[894],[648],[721],[694],[252],[911],[887],[439],[907],[644],[737]
716,[268],[768],[951],[750],[231],[182],[670],[83],[969],[654],[203],[206],[155],[886],[709],[590],[349],[808],[589],[918],[535],[109],[729],[201],[973],[42],[491],[620],[858],[321],[766],[765],[148],[17],[335],[692],[564],[575],[178],[484],[556],[846],[884],[218],[502],[501],[188],[469],[952],[697],[9],[283],[928],[833],[354],[303],[333],[498],[42],[671],[772],[33],[751],[484],[868],[968],[936],[108],[470],[855],[958],[992],[145],[29],[251],[662],[482],[956],[565],[452],[205],[765],[9],[537],[461],[643],[318],[827],[141],[210],[258],[92],[105],[591],[655],[56],[110],[871],[73],[946]
717,[94],[264],[767],[626],[83],[31],[291],[574],[605],[696],[790],[957],[6],[519],[28],[733],[822],[625],[218],[259],[383],[895],[395],[538],[704],[55],[336],[125],[60],[459],[825],[946],[530],[178],[873],[768],[217],[102],[461],[443],[393],[366],[708],[801],[837],[783],[514],[831],[238],[98],[127],[275],[658],[915],[577],[842],[155],[848],[430],[684],[651],[233],[724],[926],[69],[475],[284],[149],[664],[948],[807],[156],[659],[365],[18],[461],[550],[465],[384],[848],[573],[806],[652],[172],[491],[353],[358],[642],[770],[967],[367],[574],[847],[959],[94],[590],[866],[676],[900],[226]
718,[64],[999],[538],[77],[349],[899],[834],[435],[136],[979],[428],[846],[986],[559],[419],[188],[226],[422],[436],[521],[489],[949],[182],[469],[319],[994],[377],[876],[637],[449],[541],[712],[746],[551],[191],[378],[689],[804],[824],[48],[194],[159],[471],[267],[19],[208],[73],[372],[672],[656],[438],[183],[509],[229],[520],[288],[195],[592],[744],[743],[110],[144],[483],[615],[97],[898],[129],[100],[144],[554],[53],[896],[391],[740],[309],[560],[914],[313],[754],[790],[92],[380],[708],[497],[907],[781],[352],[155],[116],[766],[901],[559],[735],[534],[770],[468],[838],[60],[990],[945]
719,[285],[365],[348],[299],[237],[42],[586],[554],[958],[219],[998],[322],[316],[81],[654],[75],[21],[38],[351],[336],[641],[441],[546],[486],[461],[216],[418],[54],[375],[760],[406],[662],[216],[915],[582],[26],[426],[136],[218],[222],[848],[933],[414],[765],[302],[845],[185],[506],[590],[405],[453],[724],[841],[466],[255],[563],[336],[910],[178],[83],[641],[458],[847],[146],[757],[346],[395],[988],[932],[317],[508],[989],[208],[943],[610],[468],[699],[546],[488],[888],[492],[570],[257],[900],[875],[629],[338],[483],[934],[413],[46],[632],[405],[529],[291],[35],[40],[56],[709],[715]
720,[254],[82],[442],[170],[352],[897],[460],[939],[220],[60],[344],[202],[409],[926],[692],[645],[615],[631],[256],[180],[240],[10],[942],[842],[994],[304],[120],[603],[430],[762],[506],[972],[852],[472],[87],[867],[742],[267],[632],[872],[845],[310],[384],[380],[555],[286],[942],[624],[37],[467],[848],[829],[500],[628],[892],[686],[685],[102],[766],[875],[948],[98],[637],[771],[846],[821],[997],[288],[451],[161],[952],[668],[632],[362],[461],[665],[661],[866],[957],[127],[628],[966],[448],[390],[556],[973],[768],[598],[656],[359],[593],[352],[861],[70],[108],[554],[592],[703],[692],[552]
721,[319],[102],[977],[823],[224],[147],[853],[362],[912],[835],[752],[370],[251],[462],[341],[518],[270],[614],[917],[48],[844],[307],[257],[287],[437],[65],[772],[907],[863],[53],[275],[130],[851],[655],[127],[615],[887],[833],[529],[691],[721],[70],[493],[499],[392],[495],[663],[895],[379],[14],[319],[393],[643],[752],[668],[583],[539],[344],[206],[774],[381],[620],[460],[342],[653],[245],[467],[195],[620],[82],[247],[841],[840],[425],[153],[52],[119],[181],[698],[100],[595],[77],[126],[118],[832],[864],[903],[966],[747],[311],[219],[758],[653],[127],[117],[910],[151],[715],[329],[758]
722,[959],[147],[148],[623],[948],[63],[344],[130],[296],[41],[165],[118],[238],[440],[399],[155],[569],[681],[169],[893],[480],[801],[530],[908],[471],[799],[668],[522],[490],[892],[329],[430],[511],[772],[951],[121],[984],[977],[100],[90],[983],[189],[361],[921],[735],[959],[609],[578],[687],[714],[810],[519],[566],[143],[92],[220],[704],[606],[451],[749],[881],[42],[128],[560],[470],[754],[113],[182],[509],[494],[399],[976],[439],[465],[957],[556],[454],[510],[602],[873],[204],[304],[797],[657],[231],[508],[370],[539],[691],[174],[79],[367],[785],[927],[523],[757],[899],[536],[895],[304]
723,[546],[828],[197],[667],[733],[160],[991],[434],[12],[413],[424],[956],[616],[71],[751],[303],[206],[626],[783],[917],[374],[112],[892],[52],[588],[101],[970],[156],[545],[63],[849],[136],[210],[155],[425],[45],[582],[124],[641],[101],[135],[854],[604],[206],[238],[938],[43],[314],[614],[176],[514],[235],[399],[328],[527],[46],[74],[403],[351],[666],[508],[831],[928],[341],[603],[131],[490],[498],[419],[849],[326],[128],[125],[683],[152],[922],[472],[364],[41],[303],[302],[466],[100],[853],[406],[748],[10],[705],[966],[241],[18],[208],[123],[700],[69],[870],[776],[327],[342],[78]
724,[875],[675],[469],[232],[332],[399],[45],[195],[209],[52],[977],[378],[129],[365],[460],[838],[472],[379],[951],[74],[106],[123],[533],[229],[663],[970],[42],[963],[518],[524],[718],[756],[134],[754],[883],[637],[503],[319],[226],[291],[946],[122],[212],[180],[207],[854],[3],[4],[876],[148],[873],[403],[605],[314],[851],[431],[963],[595],[808],[234],[892],[362],[644],[166],[192],[463],[819],[55],[507],[815],[396],[361],[51],[710],[627],[204],[839],[30],[233],[899],[196],[265],[43],[166],[928],[586],[302],[89],[235],[849],[774],[624],[883],[598],[208],[621],[4],[343],[452],[426]
725,[892],[670],[81],[82],[153],[512],[406],[211],[287],[851],[624],[9],[279],[408],[70],[179],[115],[285],[171],[810],[615],[57],[973],[199],[957],[8],[972],[538],[912],[290],[473],[384],[323],[174],[358],[491],[981],[847],[409],[46],[574],[794],[865],[13],[667],[461],[812],[850],[784],[651],[741],[61],[38],[312],[515],[409],[684],[376],[380],[872],[876],[275],[166],[200],[614],[497],[321],[57],[155],[534],[56],[414],[240],[413],[167],[397],[424],[388],[138],[359],[352],[831],[836],[127],[32],[67],[46],[43],[767],[506],[890],[516],[833],[703],[599],[895],[161],[496],[610],[39]
726,[472],[523],[50],[639],[998],[507],[78],[396],[684],[246],[371],[65],[133],[904],[351],[360],[351],[168],[33],[823],[21],[567],[34],[202],[65],[228],[775],[330],[152],[44],[935],[94],[320],[960],[82],[392],[829],[144],[82],[277],[308],[915],[478],[685],[567],[278],[68],[580],[47],[151],[913],[138],[373],[962],[973],[355],[397],[773],[225],[270],[825],[91],[59],[947],[466],[94],[428],[186],[375],[818],[978],[757],[115],[520],[885],[789],[332],[604],[249],[485],[140],[723],[17],[54],[281],[523],[622],[520],[517],[924],[847],[527],[801],[388],[15],[766],[519],[736],[459],[128]
727,[824],[346],[192],[925],[44],[909],[348],[685],[298],[97],[546],[120],[372],[286],[129],[972],[556],[684],[41],[328],[98],[794],[66],[634],[775],[296],[523],[544],[367],[765],[694],[496],[167],[835],[847],[741],[822],[717],[433],[0],[689],[103],[333],[389],[521],[962],[516],[236],[245],[572],[970],[339],[641],[455],[767],[255],[42],[774],[567],[502],[171],[276],[421],[226],[815],[228],[940],[131],[462],[5],[594],[56],[579],[727],[466],[730],[148],[749],[369],[979],[29],[264],[934],[501],[237],[73],[666],[858],[677],[558],[401],[551],[72],[167],[560],[933],[401],[783],[223],[166]
728,[0],[174],[561],[910],[101],[641],[467],[66],[404],[513],[225],[858],[993],[156],[704],[447],[338],[707],[476],[825],[19],[775],[827],[518],[606],[127],[585],[437],[482],[714],[543],[51],[706],[700],[289],[631],[106],[860],[329],[925],[97],[606],[208],[691],[172],[61],[925],[439],[968],[678],[780],[20],[765],[410],[125],[104],[225],[645],[754],[52],[290],[684],[509],[294],[115],[990],[398],[997],[698],[372],[634],[573],[458],[554],[748],[251],[565],[245],[43],[385],[113],[839],[872],[816],[841],[276],[899],[166],[409],[6],[762],[231],[118],[981],[995],[161],[807],[579],[489],[323]
729,[478],[17],[810],[85],[752],[136],[352],[899],[79],[361],[569],[385],[223],[730],[520],[250],[562],[888],[534],[49],[995],[144],[410],[705],[338],[323],[559],[736],[128],[169],[819],[892],[296],[823],[499],[894],[152],[439],[813],[299],[296],[629],[650],[250],[917],[874],[430],[367],[248],[155],[533],[756],[204],[395],[355],[991],[708],[401],[452],[895],[111],[371],[660],[285],[166],[545],[423],[579],[624],[406],[158],[807],[301],[919],[278],[263],[39],[217],[86],[824],[951],[336],[689],[42],[810],[40],[851],[990],[410],[738],[769],[606],[205],[212],[670],[641],[504],[173],[544],[80]
730,[481],[536],[680],[632],[328],[813],[441],[569],[413],[671],[561],[815],[143],[477],[157],[168],[516],[944],[260],[222],[73],[671],[901],[761],[388],[767],[240],[506],[835],[435],[305],[858],[781],[850],[664],[767],[977],[363],[558],[811],[303],[708],[482],[538],[827],[103],[411],[16],[631],[760],[2],[39],[146],[235],[922],[915],[384],[737],[834],[522],[535],[523],[502],[569],[208],[671],[83],[811],[852],[547],[423],[951],[763],[678],[814],[993],[214],[688],[132],[69],[853],[214],[902],[188],[451],[562],[278],[165],[619],[128],[577],[201],[806],[63],[681],[34],[896],[856],[678],[868]
731,[854],[633],[674],[880],[130],[835],[16],[260],[632],[293],[613],[866],[103],[740],[20],[24],[335],[350],[306],[500],[335],[244],[682],[353],[289],[88],[854],[12],[911],[779],[620],[275],[374],[390],[506],[873],[324],[427],[674],[762],[464],[327],[207],[839],[590],[465],[519],[141],[409],[250],[753],[140],[174],[912],[839],[494],[80],[694],[917],[690],[646],[376],[839],[8],[736],[649],[573],[117],[291],[170],[789],[268],[52],[985],[108],[946],[774],[473],[207],[540],[419],[129],[400],[562],[40],[551],[662],[876],[727],[282],[819],[378],[720],[695],[961],[703],[847],[219],[414],[55]
732,[888],[185],[545],[321],[308],[594],[855],[606],[562],[141],[57],[602],[473],[478],[567],[576],[274],[649],[82],[89],[113],[690],[817],[732],[580],[530],[652],[545],[304],[767],[542],[98],[547],[36],[276],[596],[494],[340],[46],[681],[598],[529],[831],[573],[588],[668],[676],[622],[367],[582],[230],[402],[967],[6],[947],[211],[799],[777],[49],[123],[194],[548],[120],[788],[425],[905],[264],[413],[123],[421],[218],[843],[830],[565],[436],[846],[242],[472],[353],[940],[79],[827],[617],[237],[194],[244],[533],[396],[708],[144],[766],[835],[798],[423],[130],[859],[69],[498],[887],[29]
733,[776],[830],[796],[631],[591],[357],[663],[903],[929],[273],[403],[285],[124],[248],[276],[633],[527],[510],[754],[653],[863],[306],[632],[132],[439],[112],[923],[478],[458],[389],[122],[167],[68],[782],[57],[856],[678],[3],[476],[986],[525],[586],[948],[497],[807],[710],[849],[800],[686],[625],[655],[31],[956],[30],[339],[869],[692],[853],[611],[819],[532],[497],[453],[440],[194],[82],[28],[689],[822],[868],[525],[980],[630],[808],[290],[933],[269],[684],[614],[377],[16],[866],[731],[163],[859],[722],[195],[788],[927],[152],[242],[816],[413],[357],[201],[57],[126],[957],[703],[900]
734,[169],[182],[181],[545],[678],[77],[466],[382],[280],[542],[623],[765],[48],[681],[365],[524],[425],[921],[577],[821],[982],[266],[489],[560],[629],[71],[621],[474],[223],[830],[166],[66],[945],[260],[742],[738],[595],[694],[488],[465],[588],[98],[132],[984],[492],[811],[50],[780],[342],[434],[543],[952],[909],[911],[738],[302],[817],[969],[552],[934],[827],[89],[141],[376],[338],[939],[157],[666],[359],[412],[833],[683],[119],[631],[257],[772],[658],[623],[883],[679],[195],[422],[713],[401],[959],[882],[155],[670],[856],[994],[204],[322],[398],[465],[252],[103],[137],[932],[88],[634]
735,[155],[998],[259],[753],[555],[973],[333],[440],[194],[227],[741],[629],[668],[603],[79],[840],[900],[595],[452],[899],[790],[814],[670],[768],[30],[359],[154],[799],[427],[6],[872],[538],[502],[357],[963],[1],[715],[300],[601],[526],[261],[999],[925],[918],[589],[347],[196],[983],[522],[421],[190],[665],[447],[90],[572],[340],[224],[364],[13],[115],[925],[799],[443],[965],[940],[952],[27],[712],[882],[603],[191],[429],[730],[555],[178],[866],[514],[614],[229],[728],[580],[594],[631],[232],[892],[957],[397],[867],[714],[502],[560],[622],[835],[676],[410],[518],[7],[231],[554],[592]
736,[898],[207],[957],[789],[874],[100],[551],[500],[753],[490],[235],[625],[283],[546],[993],[682],[368],[505],[253],[284],[297],[619],[576],[177],[266],[117],[952],[694],[748],[906],[539],[586],[584],[573],[690],[352],[439],[549],[694],[355],[984],[829],[592],[994],[205],[7],[48],[582],[943],[642],[861],[964],[213],[443],[845],[908],[14],[708],[231],[347],[819],[338],[28],[29],[922],[132],[61],[325],[841],[666],[86],[873],[870],[839],[917],[778],[361],[373],[500],[390],[752],[68],[336],[375],[999],[561],[101],[70],[78],[662],[187],[309],[879],[956],[74],[557],[831],[470],[494],[224]
737,[394],[296],[169],[541],[472],[596],[849],[180],[123],[441],[840],[494],[664],[994],[422],[557],[724],[388],[906],[878],[79],[14],[277],[266],[945],[833],[133],[396],[519],[300],[26],[285],[764],[376],[149],[459],[949],[38],[991],[945],[283],[817],[74],[395],[908],[542],[952],[799],[374],[221],[814],[453],[847],[506],[940],[791],[339],[220],[218],[731],[607],[581],[565],[288],[938],[872],[958],[351],[760],[772],[791],[275],[450],[431],[306],[639],[739],[19],[941],[115],[483],[216],[299],[299],[166],[68],[163],[872],[19],[86],[883],[24],[359],[990],[235],[36],[762],[755],[406],[661]
738,[266],[406],[32],[261],[908],[465],[988],[35],[415],[492],[583],[708],[826],[724],[858],[944],[989],[288],[858],[713],[610],[507],[997],[135],[95],[85],[571],[800],[328],[700],[688],[14],[648],[697],[403],[171],[218],[4],[971],[301],[113],[936],[127],[345],[819],[179],[421],[547],[40],[549],[110],[864],[438],[949],[847],[804],[358],[941],[393],[826],[364],[216],[706],[38],[342],[666],[665],[625],[697],[699],[139],[104],[461],[114],[780],[989],[137],[797],[10],[392],[759],[977],[483],[62],[253],[105],[634],[851],[751],[637],[220],[743],[910],[35],[613],[888],[153],[699],[701],[519]
739,[381],[150],[82],[216],[341],[141],[805],[479],[367],[58],[508],[761],[347],[391],[304],[752],[689],[594],[195],[182],[89],[985],[869],[521],[367],[111],[270],[252],[672],[476],[699],[928],[29],[23],[383],[569],[458],[551],[986],[920],[203],[588],[111],[916],[818],[191],[960],[338],[249],[204],[552],[943],[198],[274],[365],[435],[507],[608],[115],[104],[765],[591],[871],[517],[521],[426],[726],[273],[792],[924],[662],[212],[170],[207],[234],[570],[51],[85],[68],[596],[403],[456],[96],[356],[969],[640],[58],[870],[489],[853],[962],[237],[163],[130],[723],[382],[454],[985],[468],[250]
740,[291],[141],[637],[257],[757],[483],[265],[289],[270],[476],[158],[702],[540],[224],[785],[921],[731],[300],[383],[311],[634],[259],[666],[240],[569],[830],[115],[193],[346],[16],[157],[961],[284],[252],[197],[472],[289],[800],[585],[594],[835],[289],[355],[551],[840],[316],[174],[819],[797],[844],[561],[989],[773],[838],[802],[388],[205],[681],[106],[369],[416],[360],[879],[130],[954],[302],[429],[542],[115],[405],[27],[182],[756],[553],[539],[975],[388],[203],[823],[386],[802],[773],[49],[415],[387],[108],[434],[910],[383],[452],[689],[314],[838],[796],[824],[316],[91],[712],[585],[109]
741,[872],[821],[421],[377],[906],[821],[237],[570],[897],[934],[589],[913],[536],[247],[408],[100],[842],[391],[533],[784],[650],[427],[498],[744],[908],[919],[283],[953],[699],[284],[466],[302],[679],[226],[396],[333],[156],[227],[471],[761],[220],[157],[888],[581],[435],[704],[31],[341],[387],[801],[909],[345],[696],[739],[752],[154],[764],[355],[79],[336],[86],[116],[362],[519],[683],[317],[595],[309],[879],[846],[381],[424],[827],[89],[800],[403],[216],[73],[806],[286],[808],[515],[203],[305],[333],[370],[449],[816],[839],[634],[585],[680],[21],[993],[828],[942],[277],[742],[528],[286]
742,[891],[848],[116],[611],[74],[996],[14],[12],[808],[9],[201],[200],[34],[249],[258],[319],[67],[591],[445],[851],[664],[542],[189],[218],[832],[956],[325],[10],[538],[292],[156],[800],[916],[344],[147],[251],[78],[201],[985],[107],[383],[301],[746],[155],[714],[357],[91],[472],[884],[452],[152],[305],[29],[800],[90],[560],[731],[454],[852],[931],[665],[134],[771],[92],[822],[209],[400],[137],[164],[851],[385],[988],[318],[752],[851],[476],[493],[75],[423],[949],[777],[798],[431],[620],[289],[255],[400],[138],[308],[439],[106],[781],[349],[352],[880],[577],[754],[215],[815],[581]
743,[569],[335],[299],[418],[872],[966],[999],[927],[979],[350],[421],[654],[158],[17],[882],[170],[83],[156],[867],[325],[690],[226],[617],[660],[201],[140],[157],[729],[53],[610],[898],[495],[446],[366],[583],[517],[70],[520],[904],[747],[986],[31],[805],[572],[276],[177],[517],[755],[998],[630],[398],[520],[260],[650],[466],[968],[203],[799],[915],[133],[412],[617],[633],[307],[462],[472],[781],[588],[810],[703],[802],[793],[308],[135],[226],[787],[621],[894],[100],[989],[325],[195],[925],[353],[655],[622],[104],[381],[737],[97],[677],[602],[397],[683],[621],[897],[325],[31],[367],[950]
744,[65],[989],[481],[602],[402],[92],[13],[303],[666],[269],[653],[570],[754],[974],[149],[31],[664],[324],[800],[680],[166],[722],[169],[43],[104],[771],[428],[639],[20],[893],[387],[813],[585],[246],[450],[618],[498],[272],[755],[988],[650],[312],[923],[608],[40],[670],[89],[449],[814],[42],[167],[565],[622],[795],[796],[973],[261],[285],[406],[326],[3],[579],[466],[305],[830],[647],[894],[655],[777],[454],[216],[274],[862],[183],[549],[393],[750],[677],[95],[422],[259],[954],[645],[493],[856],[798],[596],[801],[249],[416],[958],[971],[255],[600],[705],[890],[186],[769],[640],[522]
745,[507],[464],[871],[136],[834],[948],[375],[891],[31],[776],[857],[104],[466],[237],[110],[968],[376],[575],[570],[399],[965],[357],[820],[731],[707],[803],[88],[661],[617],[882],[752],[414],[692],[394],[846],[216],[71],[768],[127],[806],[426],[120],[363],[799],[101],[720],[963],[581],[689],[446],[529],[727],[206],[307],[134],[755],[938],[933],[1],[174],[988],[764],[323],[973],[152],[993],[809],[138],[411],[945],[408],[386],[16],[381],[222],[512],[901],[54],[190],[148],[72],[628],[819],[875],[138],[930],[407],[798],[999],[295],[6],[873],[575],[401],[899],[405],[724],[638],[936],[726]
746,[391],[527],[952],[345],[657],[505],[808],[964],[655],[642],[656],[638],[4],[860],[296],[340],[660],[121],[879],[916],[533],[917],[33],[618],[758],[328],[596],[438],[477],[673],[493],[422],[177],[940],[528],[955],[926],[504],[949],[181],[770],[447],[267],[826],[421],[158],[83],[514],[218],[279],[5],[849],[911],[858],[602],[965],[631],[328],[359],[261],[822],[898],[155],[461],[979],[617],[847],[349],[241],[87],[808],[416],[21],[736],[218],[103],[105],[302],[702],[656],[477],[3],[442],[611],[998],[130],[284],[845],[412],[735],[324],[754],[771],[667],[359],[532],[964],[823],[167],[640]
747,[699],[510],[36],[975],[149],[903],[53],[379],[965],[226],[957],[950],[227],[942],[453],[262],[919],[294],[261],[930],[637],[163],[176],[717],[825],[568],[526],[654],[78],[111],[202],[19],[753],[410],[935],[834],[132],[1],[181],[12],[831],[560],[268],[696],[787],[713],[232],[34],[757],[359],[25],[916],[840],[631],[970],[609],[290],[141],[690],[283],[6],[374],[293],[765],[743],[838],[439],[494],[328],[483],[361],[777],[949],[182],[348],[409],[62],[629],[835],[278],[257],[198],[44],[124],[117],[601],[152],[977],[905],[329],[198],[116],[776],[56],[440],[460],[218],[20],[133],[761]
748,[908],[699],[94],[339],[963],[906],[973],[737],[878],[486],[159],[727],[785],[253],[961],[539],[840],[914],[578],[343],[217],[859],[346],[247],[457],[459],[855],[730],[647],[358],[262],[316],[24],[945],[881],[466],[316],[739],[28],[613],[120],[652],[760],[900],[784],[920],[683],[587],[435],[875],[320],[10],[513],[790],[346],[837],[304],[960],[61],[648],[744],[903],[885],[711],[937],[10],[118],[672],[635],[4],[586],[900],[250],[309],[59],[798],[889],[309],[979],[917],[227],[913],[906],[317],[254],[530],[753],[404],[41],[367],[636],[282],[357],[562],[853],[951],[737],[416],[483],[605]
749,[392],[483],[906],[230],[795],[650],[360],[898],[838],[333],[522],[234],[462],[107],[787],[996],[968],[900],[30],[833],[260],[897],[603],[658],[639],[37],[236],[218],[972],[268],[831],[87],[612],[239],[647],[332],[994],[918],[110],[493],[991],[838],[559],[477],[665],[674],[299],[847],[667],[616],[826],[679],[169],[236],[13],[76],[417],[637],[336],[235],[316],[744],[178],[450],[951],[457],[838],[665],[619],[696],[659],[962],[605],[880],[831],[980],[33],[122],[85],[39],[757],[156],[243],[712],[609],[138],[727],[895],[817],[678],[107],[629],[232],[900],[203],[19],[691],[808],[667],[175]
750,[893],[988],[758],[985],[965],[934],[978],[915],[830],[284],[744],[0],[731],[46],[879],[431],[387],[208],[54],[671],[12],[939],[56],[976],[771],[966],[805],[908],[621],[73],[237],[284],[573],[446],[798],[154],[407],[620],[384],[792],[31],[671],[160],[929],[681],[990],[735],[974],[460],[406],[604],[366],[52],[569],[540],[399],[483],[282],[989],[960],[648],[769],[324],[133],[728],[122],[464],[957],[9],[93],[128],[490],[524],[840],[582],[114],[573],[931],[67],[836],[155],[772],[482],[321],[312],[733],[951],[497],[151],[804],[215],[345],[353],[392],[540],[591],[505],[990],[346],[261]
751,[250],[1],[553],[19],[805],[378],[769],[476],[259],[209],[572],[153],[881],[303],[173],[284],[552],[925],[237],[409],[145],[4],[9],[259],[978],[839],[498],[992],[343],[629],[547],[276],[56],[672],[2],[563],[937],[541],[536],[753],[235],[650],[63],[82],[140],[322],[956],[304],[773],[534],[245],[721],[272],[396],[612],[282],[88],[22],[536],[678],[496],[505],[347],[439],[262],[298],[95],[642],[997],[741],[387],[6],[190],[299],[985],[490],[608],[611],[679],[906],[248],[810],[424],[407],[292],[426],[71],[241],[909],[2],[305],[66],[471],[59],[936],[547],[556],[123],[523],[639]
752,[793],[649],[852],[179],[705],[14],[992],[31],[182],[732],[185],[712],[971],[481],[423],[466],[580],[748],[182],[961],[430],[376],[181],[628],[821],[202],[401],[78],[817],[357],[312],[265],[610],[329],[720],[348],[849],[841],[760],[842],[712],[224],[908],[595],[262],[388],[840],[293],[432],[776],[740],[356],[151],[436],[393],[486],[902],[714],[397],[287],[482],[368],[348],[664],[689],[177],[870],[803],[74],[888],[409],[906],[620],[79],[897],[505],[22],[322],[401],[548],[937],[81],[56],[386],[186],[330],[828],[84],[293],[535],[142],[822],[207],[495],[525],[847],[928],[681],[21],[775]
753,[262],[228],[293],[347],[97],[354],[614],[26],[812],[685],[54],[360],[240],[793],[901],[344],[334],[677],[223],[62],[570],[651],[250],[590],[885],[427],[762],[101],[130],[756],[727],[139],[257],[749],[461],[385],[474],[995],[269],[198],[273],[769],[364],[163],[391],[209],[104],[848],[726],[624],[424],[246],[590],[791],[108],[743],[220],[544],[706],[787],[573],[0],[67],[769],[341],[440],[480],[147],[165],[71],[641],[658],[784],[673],[395],[841],[572],[109],[644],[810],[831],[620],[301],[479],[4],[203],[584],[309],[168],[918],[511],[832],[179],[172],[872],[217],[93],[686],[984],[475]
754,[21],[441],[658],[364],[299],[907],[529],[544],[126],[840],[505],[593],[70],[981],[435],[837],[166],[495],[587],[690],[926],[531],[125],[670],[207],[105],[307],[140],[946],[434],[303],[485],[236],[564],[282],[617],[95],[298],[881],[694],[711],[472],[288],[613],[373],[313],[472],[597],[808],[944],[791],[412],[948],[79],[324],[589],[540],[768],[981],[591],[492],[897],[133],[988],[551],[573],[504],[239],[508],[342],[23],[223],[582],[71],[448],[255],[422],[379],[824],[473],[992],[337],[162],[837],[107],[552],[542],[498],[107],[487],[425],[617],[538],[413],[805],[60],[433],[905],[379],[665]
755,[453],[318],[400],[718],[80],[718],[800],[877],[192],[411],[190],[946],[875],[12],[950],[198],[782],[851],[797],[695],[224],[35],[272],[379],[362],[32],[726],[864],[236],[604],[236],[405],[209],[630],[177],[962],[171],[31],[394],[706],[920],[364],[771],[408],[221],[767],[228],[899],[140],[334],[473],[516],[370],[771],[888],[847],[787],[541],[831],[525],[778],[946],[239],[469],[19],[964],[798],[990],[943],[105],[353],[215],[139],[652],[639],[717],[541],[652],[771],[240],[217],[238],[971],[811],[957],[711],[99],[591],[952],[923],[965],[638],[346],[10],[375],[225],[675],[255],[945],[135]
756,[332],[16],[904],[565],[303],[67],[645],[807],[142],[465],[463],[776],[109],[242],[759],[860],[872],[489],[239],[785],[762],[539],[614],[901],[901],[644],[945],[815],[986],[364],[561],[984],[695],[69],[458],[331],[167],[553],[620],[231],[775],[501],[747],[579],[507],[890],[598],[40],[244],[35],[71],[290],[886],[940],[996],[108],[408],[943],[465],[794],[752],[622],[942],[543],[404],[81],[727],[428],[213],[83],[154],[430],[864],[569],[731],[863],[500],[149],[767],[651],[622],[70],[376],[52],[956],[60],[268],[996],[786],[35],[127],[939],[382],[269],[482],[163],[510],[538],[235],[231]
757,[163],[277],[982],[52],[423],[857],[726],[245],[461],[974],[830],[624],[638],[721],[196],[53],[290],[756],[133],[373],[28],[47],[600],[690],[951],[493],[538],[936],[950],[530],[957],[525],[848],[25],[755],[810],[847],[265],[44],[513],[305],[571],[633],[894],[388],[741],[350],[131],[677],[212],[849],[559],[380],[939],[252],[953],[427],[659],[534],[401],[89],[783],[5],[197],[286],[791],[947],[573],[945],[907],[452],[439],[893],[40],[562],[582],[638],[984],[183],[8],[772],[425],[695],[751],[913],[411],[482],[76],[793],[614],[177],[826],[437],[692],[325],[140],[459],[796],[96],[437]
758,[798],[636],[126],[993],[857],[252],[390],[599],[148],[664],[834],[882],[812],[313],[38],[573],[88],[174],[821],[59],[998],[256],[800],[431],[694],[292],[463],[206],[704],[395],[996],[58],[929],[514],[44],[659],[274],[207],[627],[209],[740],[174],[551],[611],[991],[757],[528],[369],[75],[862],[225],[303],[9],[781],[228],[945],[343],[537],[565],[71],[521],[251],[546],[316],[598],[234],[476],[275],[15],[624],[79],[181],[983],[820],[879],[877],[120],[806],[97],[364],[268],[739],[121],[622],[979],[243],[707],[695],[832],[750],[814],[778],[99],[232],[354],[911],[488],[236],[336],[611]
759,[336],[244],[659],[473],[389],[346],[668],[149],[682],[495],[336],[340],[721],[329],[808],[479],[307],[648],[401],[75],[985],[34],[716],[131],[434],[25],[874],[256],[543],[492],[893],[949],[531],[743],[936],[532],[340],[629],[74],[57],[849],[330],[896],[510],[341],[579],[344],[663],[351],[118],[304],[816],[876],[930],[794],[49],[759],[638],[345],[920],[509],[928],[349],[810],[963],[598],[477],[140],[397],[77],[888],[991],[290],[315],[924],[84],[696],[832],[385],[171],[112],[639],[177],[928],[422],[556],[885],[529],[139],[350],[809],[925],[195],[631],[87],[31],[756],[837],[766],[757]
760,[962],[132],[602],[260],[400],[676],[707],[639],[566],[132],[426],[970],[298],[916],[921],[505],[591],[806],[996],[189],[912],[824],[356],[790],[600],[698],[852],[595],[300],[639],[104],[29],[558],[791],[781],[368],[631],[118],[69],[859],[693],[54],[653],[464],[454],[409],[537],[564],[733],[167],[112],[912],[728],[386],[28],[731],[147],[583],[658],[705],[921],[571],[259],[946],[672],[52],[93],[250],[519],[513],[462],[528],[710],[145],[581],[467],[117],[919],[792],[671],[187],[584],[2],[965],[165],[230],[234],[146],[711],[304],[548],[577],[314],[231],[292],[673],[768],[621],[750],[57]
761,[361],[704],[471],[999],[200],[988],[554],[104],[895],[981],[495],[925],[748],[34],[511],[620],[397],[652],[461],[463],[64],[250],[469],[811],[303],[458],[765],[574],[776],[696],[524],[511],[529],[903],[912],[134],[430],[164],[273],[479],[618],[622],[610],[731],[283],[872],[625],[779],[883],[460],[243],[328],[282],[438],[724],[88],[783],[789],[802],[992],[758],[647],[700],[427],[851],[322],[505],[94],[725],[95],[741],[491],[18],[227],[46],[958],[585],[593],[178],[905],[19],[28],[347],[940],[268],[940],[88],[998],[581],[55],[643],[72],[590],[101],[781],[862],[836],[630],[867],[436]
762,[316],[440],[426],[879],[552],[976],[334],[218],[243],[238],[414],[12],[815],[218],[612],[614],[845],[91],[295],[861],[15],[158],[643],[583],[757],[377],[395],[854],[351],[200],[238],[758],[367],[538],[254],[530],[724],[732],[25],[711],[373],[600],[577],[533],[235],[442],[198],[92],[183],[595],[917],[758],[264],[453],[893],[210],[140],[169],[325],[112],[168],[606],[810],[833],[725],[467],[673],[378],[142],[14],[523],[944],[807],[498],[148],[767],[404],[746],[490],[715],[32],[269],[280],[448],[86],[620],[572],[538],[645],[96],[94],[435],[142],[647],[237],[119],[561],[476],[646],[589]
763,[928],[981],[475],[115],[243],[927],[601],[274],[14],[474],[781],[887],[523],[444],[530],[521],[943],[598],[174],[864],[964],[129],[170],[836],[279],[274],[977],[735],[247],[580],[463],[411],[739],[14],[637],[301],[408],[525],[695],[449],[431],[91],[876],[116],[488],[426],[6],[354],[501],[304],[122],[835],[757],[584],[859],[417],[884],[961],[395],[799],[296],[87],[764],[546],[885],[873],[707],[669],[802],[657],[552],[284],[436],[412],[470],[540],[418],[24],[840],[374],[174],[142],[444],[697],[695],[657],[238],[811],[347],[645],[746],[341],[264],[67],[623],[878],[704],[800],[717],[888]
764,[621],[915],[963],[967],[704],[301],[539],[832],[599],[319],[677],[399],[403],[766],[926],[194],[78],[409],[371],[802],[11],[962],[544],[639],[827],[846],[931],[53],[958],[602],[873],[962],[161],[91],[216],[105],[237],[121],[333],[120],[878],[407],[728],[64],[352],[152],[63],[723],[645],[449],[574],[544],[531],[629],[123],[204],[735],[52],[48],[659],[342],[842],[864],[562],[423],[266],[715],[817],[853],[769],[397],[535],[894],[838],[384],[36],[349],[314],[619],[90],[873],[370],[986],[797],[785],[28],[574],[293],[931],[410],[846],[583],[536],[645],[851],[732],[475],[887],[218],[454]
765,[865],[780],[774],[506],[269],[801],[163],[827],[832],[446],[850],[902],[9],[306],[586],[394],[189],[656],[527],[491],[856],[998],[708],[667],[31],[11],[284],[509],[117],[532],[422],[254],[92],[461],[284],[47],[634],[305],[299],[311],[970],[300],[270],[970],[348],[985],[148],[925],[530],[291],[308],[751],[155],[342],[172],[534],[494],[71],[545],[20],[980],[832],[236],[698],[964],[744],[67],[804],[656],[826],[395],[338],[879],[100],[518],[417],[918],[737],[370],[433],[976],[572],[295],[155],[820],[396],[144],[82],[777],[192],[394],[900],[539],[96],[487],[850],[948],[502],[545],[609]
766,[367],[35],[410],[357],[703],[329],[750],[962],[906],[772],[617],[528],[567],[91],[25],[408],[674],[841],[210],[394],[495],[260],[233],[523],[230],[336],[997],[446],[29],[128],[274],[616],[378],[493],[363],[821],[97],[380],[424],[103],[940],[360],[151],[939],[294],[815],[203],[425],[147],[15],[63],[614],[27],[842],[536],[28],[872],[402],[518],[139],[602],[31],[544],[155],[290],[75],[835],[484],[571],[735],[140],[125],[629],[13],[564],[658],[655],[111],[476],[799],[553],[490],[845],[850],[392],[817],[752],[789],[369],[38],[572],[25],[797],[714],[538],[227],[625],[375],[377],[952]
767,[477],[650],[395],[244],[809],[107],[944],[200],[799],[190],[602],[728],[229],[179],[332],[684],[804],[519],[235],[210],[388],[828],[658],[765],[677],[483],[165],[73],[504],[694],[586],[523],[964],[944],[728],[579],[913],[638],[562],[879],[94],[850],[8],[630],[702],[136],[927],[368],[177],[989],[501],[711],[644],[310],[508],[216],[33],[292],[293],[955],[387],[120],[356],[848],[788],[57],[494],[53],[246],[827],[214],[972],[309],[48],[990],[344],[97],[158],[755],[515],[854],[367],[48],[470],[43],[753],[252],[976],[214],[262],[543],[717],[840],[641],[90],[125],[422],[213],[996],[534]
768,[128],[392],[145],[176],[41],[534],[994],[778],[918],[362],[665],[292],[14],[502],[629],[544],[57],[263],[830],[722],[759],[445],[230],[170],[49],[248],[604],[379],[692],[129],[433],[785],[561],[716],[41],[125],[825],[97],[855],[545],[557],[868],[277],[654],[536],[996],[588],[211],[738],[986],[825],[716],[906],[343],[422],[173],[121],[87],[364],[70],[941],[482],[769],[640],[752],[62],[110],[110],[162],[96],[969],[858],[28],[978],[930],[830],[26],[562],[951],[388],[247],[480],[293],[92],[794],[838],[798],[168],[674],[937],[7],[104],[528],[532],[401],[561],[365],[275],[48],[243]
769,[154],[750],[385],[816],[205],[226],[102],[474],[8],[282],[947],[897],[30],[83],[83],[844],[254],[795],[834],[319],[808],[856],[155],[76],[273],[389],[909],[129],[567],[847],[832],[621],[31],[574],[960],[986],[782],[584],[826],[62],[164],[229],[271],[688],[914],[992],[179],[856],[378],[898],[372],[678],[238],[197],[961],[365],[156],[40],[635],[295],[816],[311],[792],[728],[219],[659],[84],[366],[911],[598],[359],[569],[608],[759],[626],[117],[244],[778],[945],[22],[307],[121],[256],[592],[786],[489],[499],[387],[826],[847],[821],[186],[13],[17],[516],[143],[891],[357],[287],[957]
770,[756],[254],[558],[412],[158],[847],[619],[974],[700],[500],[6],[346],[998],[86],[6],[841],[233],[426],[736],[657],[72],[87],[476],[875],[240],[227],[83],[364],[451],[228],[203],[459],[806],[2],[402],[126],[990],[657],[193],[686],[499],[892],[709],[967],[49],[834],[44],[405],[450],[827],[939],[583],[476],[284],[306],[663],[737],[590],[378],[86],[927],[646],[73],[91],[553],[186],[568],[627],[648],[188],[118],[647],[681],[961],[453],[441],[819],[548],[395],[518],[319],[764],[590],[980],[307],[966],[348],[420],[918],[501],[930],[206],[557],[128],[150],[363],[276],[428],[349],[324]
771,[334],[184],[650],[148],[110],[553],[244],[840],[515],[572],[891],[834],[595],[982],[839],[625],[844],[975],[226],[929],[373],[403],[661],[114],[469],[331],[219],[148],[3],[152],[88],[49],[808],[249],[838],[57],[898],[264],[918],[100],[131],[198],[634],[786],[345],[901],[552],[528],[664],[532],[443],[530],[846],[710],[850],[812],[462],[581],[146],[84],[942],[862],[600],[882],[151],[108],[792],[368],[266],[542],[59],[364],[742],[697],[485],[95],[733],[993],[919],[314],[425],[360],[843],[889],[142],[977],[126],[995],[343],[331],[396],[668],[194],[636],[726],[657],[284],[163],[620],[988]
772,[352],[615],[530],[665],[937],[870],[908],[579],[491],[305],[429],[171],[855],[950],[636],[26],[383],[1],[682],[453],[412],[465],[804],[293],[703],[567],[409],[584],[870],[409],[970],[971],[532],[807],[999],[265],[526],[306],[429],[264],[565],[778],[498],[587],[442],[487],[834],[688],[660],[724],[784],[903],[787],[565],[840],[781],[375],[871],[882],[830],[292],[790],[174],[913],[949],[206],[224],[362],[837],[738],[354],[83],[96],[317],[541],[172],[945],[291],[241],[678],[209],[717],[666],[998],[219],[166],[560],[55],[868],[819],[790],[127],[857],[594],[738],[465],[82],[311],[693],[502]
773,[787],[60],[448],[146],[675],[44],[470],[405],[790],[418],[524],[355],[33],[166],[672],[596],[816],[297],[1],[550],[390],[20],[119],[987],[426],[438],[343],[333],[917],[941],[979],[21],[557],[832],[125],[43],[220],[433],[759],[436],[46],[932],[244],[675],[742],[647],[435],[215],[394],[567],[38],[714],[793],[67],[205],[561],[491],[186],[456],[67],[605],[558],[595],[745],[193],[434],[14],[64],[816],[153],[424],[540],[264],[238],[160],[420],[20],[766],[24],[112],[31],[955],[912],[716],[704],[856],[198],[114],[782],[286],[126],[625],[541],[34],[199],[259],[398],[90],[380],[123]
774,[868],[610],[64],[238],[630],[588],[468],[592],[191],[481],[459],[482],[395],[716],[871],[947],[928],[92],[392],[838],[988],[457],[652],[591],[578],[897],[405],[611],[146],[243],[482],[683],[207],[884],[613],[694],[129],[751],[70],[661],[410],[445],[158],[427],[885],[544],[463],[836],[125],[942],[339],[889],[312],[283],[887],[311],[511],[979],[207],[778],[437],[511],[683],[669],[258],[753],[19],[29],[172],[240],[90],[136],[425],[944],[745],[881],[258],[53],[285],[215],[838],[43],[560],[732],[713],[836],[181],[268],[940],[212],[416],[549],[412],[941],[555],[328],[611],[71],[132],[66]
775,[525],[815],[775],[536],[641],[232],[712],[103],[216],[379],[709],[777],[737],[996],[57],[801],[49],[718],[206],[377],[963],[832],[505],[474],[198],[164],[285],[633],[132],[269],[168],[735],[145],[497],[212],[153],[419],[98],[691],[5],[853],[474],[690],[795],[826],[33],[513],[594],[38],[134],[648],[949],[779],[226],[505],[335],[998],[320],[921],[187],[214],[432],[665],[247],[969],[820],[545],[822],[856],[886],[292],[208],[437],[692],[903],[282],[703],[456],[942],[210],[414],[409],[543],[309],[401],[142],[586],[250],[219],[759],[84],[311],[487],[282],[642],[987],[84],[677],[89],[174]
776,[498],[831],[973],[209],[624],[400],[661],[981],[804],[291],[192],[259],[741],[200],[688],[415],[936],[415],[101],[382],[873],[30],[214],[605],[938],[286],[631],[226],[9],[889],[12],[939],[826],[21],[489],[567],[510],[64],[396],[790],[104],[572],[649],[299],[856],[54],[217],[458],[190],[313],[268],[383],[506],[778],[208],[461],[206],[69],[274],[810],[775],[452],[493],[662],[913],[3],[493],[945],[948],[736],[41],[584],[678],[157],[693],[418],[262],[821],[507],[994],[956],[135],[175],[715],[239],[416],[108],[357],[468],[420],[400],[360],[743],[537],[454],[286],[203],[382],[264],[978]
777,[185],[27],[185],[571],[181],[953],[796],[43],[310],[853],[12],[546],[750],[538],[102],[720],[633],[39],[986],[67],[745],[5],[880],[457],[743],[271],[574],[625],[542],[122],[956],[377],[883],[555],[124],[426],[111],[16],[736],[788],[165],[190],[809],[760],[12],[250],[837],[204],[906],[24],[997],[404],[439],[263],[389],[20],[468],[901],[189],[394],[348],[67],[110],[476],[550],[777],[100],[735],[809],[660],[28],[810],[332],[744],[254],[688],[18],[955],[342],[434],[624],[943],[28],[75],[59],[761],[378],[195],[467],[121],[430],[734],[987],[74],[239],[429],[305],[570],[122],[655]
778,[260],[759],[261],[315],[449],[151],[287],[636],[247],[341],[3],[736],[310],[195],[400],[184],[895],[46],[677],[850],[243],[332],[589],[871],[214],[750],[924],[932],[240],[137],[573],[304],[976],[744],[790],[269],[16],[678],[842],[551],[690],[943],[927],[402],[628],[534],[200],[891],[471],[788],[393],[514],[403],[983],[933],[194],[664],[25],[210],[159],[546],[420],[821],[222],[833],[778],[844],[630],[984],[130],[48],[330],[525],[748],[609],[228],[885],[166],[76],[754],[69],[193],[348],[268],[568],[354],[146],[507],[4],[557],[196],[579],[251],[412],[571],[807],[448],[495],[799],[405]
779,[990],[429],[399],[929],[954],[272],[550],[14],[759],[814],[130],[183],[300],[895],[994],[427],[864],[694],[494],[607],[485],[282],[426],[834],[828],[316],[11],[553],[844],[354],[608],[860],[149],[746],[695],[173],[342],[633],[711],[248],[238],[395],[402],[804],[851],[617],[402],[971],[578],[488],[877],[365],[336],[161],[26],[948],[442],[187],[840],[341],[910],[611],[396],[743],[301],[432],[63],[14],[474],[47],[749],[669],[62],[41],[15],[788],[981],[239],[388],[36],[207],[871],[526],[126],[921],[927],[50],[315],[721],[360],[564],[446],[300],[304],[786],[53],[840],[438],[453],[206]
780,[562],[456],[504],[852],[335],[37],[414],[743],[569],[346],[606],[418],[351],[63],[309],[974],[921],[800],[365],[634],[549],[170],[969],[949],[402],[66],[824],[84],[706],[815],[396],[884],[990],[98],[980],[701],[122],[880],[146],[659],[105],[662],[798],[375],[929],[416],[138],[654],[236],[747],[206],[847],[832],[294],[316],[764],[235],[78],[947],[65],[989],[21],[586],[964],[911],[602],[380],[875],[313],[553],[996],[151],[514],[502],[315],[904],[671],[9],[1],[901],[860],[492],[94],[98],[144],[604],[480],[916],[965],[299],[445],[413],[433],[744],[935],[659],[270],[926],[228],[395]
781,[709],[282],[349],[480],[406],[515],[803],[450],[660],[548],[202],[967],[149],[542],[68],[370],[825],[115],[942],[579],[905],[641],[29],[529],[223],[480],[664],[664],[11],[65],[332],[1],[652],[142],[32],[648],[713],[310],[768],[111],[644],[152],[134],[196],[925],[672],[597],[311],[493],[519],[277],[726],[686],[978],[338],[661],[993],[809],[472],[888],[44],[879],[630],[968],[674],[109],[363],[632],[893],[365],[168],[503],[133],[60],[39],[952],[441],[595],[844],[787],[350],[32],[320],[615],[860],[109],[431],[745],[827],[269],[195],[741],[28],[326],[917],[934],[987],[843],[758],[889]
782,[86],[889],[428],[508],[561],[260],[321],[191],[98],[836],[133],[705],[194],[898],[172],[812],[205],[161],[788],[291],[351],[412],[297],[364],[24],[703],[290],[400],[679],[965],[273],[767],[895],[703],[620],[253],[271],[563],[660],[302],[482],[592],[104],[88],[936],[889],[380],[499],[675],[795],[676],[277],[301],[152],[84],[366],[555],[8],[763],[355],[709],[971],[105],[785],[714],[844],[520],[751],[326],[689],[776],[652],[611],[665],[371],[754],[319],[514],[669],[283],[604],[334],[74],[854],[105],[849],[541],[776],[738],[758],[861],[105],[208],[639],[450],[166],[319],[975],[318],[599]
783,[782],[49],[470],[945],[654],[544],[736],[929],[699],[904],[931],[879],[492],[423],[437],[64],[276],[154],[640],[479],[626],[377],[874],[512],[684],[900],[992],[712],[106],[107],[532],[957],[522],[151],[334],[245],[648],[408],[182],[586],[99],[185],[410],[728],[119],[483],[763],[992],[352],[46],[367],[111],[437],[181],[192],[729],[847],[457],[89],[882],[93],[476],[437],[979],[481],[758],[776],[299],[778],[937],[323],[112],[541],[360],[896],[651],[848],[91],[170],[841],[297],[807],[970],[280],[937],[962],[563],[72],[457],[217],[112],[753],[827],[199],[194],[976],[569],[751],[888],[193]
784,[35],[674],[480],[446],[137],[614],[895],[753],[624],[576],[594],[721],[284],[913],[444],[475],[190],[723],[974],[981],[239],[747],[995],[304],[875],[12],[577],[637],[434],[840],[945],[893],[815],[365],[108],[663],[728],[836],[722],[754],[62],[746],[437],[964],[422],[838],[624],[727],[673],[9],[89],[616],[613],[859],[780],[79],[996],[556],[797],[227],[672],[735],[132],[235],[840],[886],[184],[341],[143],[191],[460],[89],[176],[38],[867],[529],[989],[890],[685],[780],[59],[549],[133],[426],[174],[825],[227],[395],[769],[446],[812],[236],[36],[952],[575],[809],[500],[963],[648],[232]
785,[411],[262],[305],[634],[464],[820],[779],[826],[584],[1],[696],[706],[71],[67],[540],[750],[640],[63],[837],[769],[421],[908],[486],[390],[546],[439],[763],[100],[303],[319],[619],[382],[400],[775],[467],[998],[545],[493],[979],[673],[978],[950],[620],[607],[14],[910],[252],[445],[323],[812],[500],[188],[310],[924],[525],[274],[321],[635],[485],[128],[898],[957],[83],[491],[18],[377],[165],[704],[873],[271],[992],[842],[967],[295],[618],[339],[3],[796],[680],[660],[725],[91],[629],[775],[439],[319],[841],[994],[631],[291],[225],[149],[762],[770],[281],[142],[817],[730],[430],[320]
786,[889],[487],[828],[127],[970],[431],[995],[603],[414],[391],[39],[380],[596],[159],[809],[979],[852],[968],[559],[517],[305],[864],[433],[453],[116],[871],[790],[404],[151],[295],[696],[241],[802],[125],[362],[307],[136],[603],[399],[973],[627],[83],[417],[199],[631],[919],[272],[99],[358],[924],[525],[25],[354],[510],[425],[442],[619],[868],[123],[109],[913],[49],[144],[70],[592],[765],[677],[69],[237],[148],[754],[773],[794],[137],[685],[48],[511],[301],[526],[936],[110],[947],[839],[659],[373],[890],[616],[737],[111],[112],[424],[410],[499],[611],[244],[637],[389],[234],[461],[807]
787,[976],[624],[380],[812],[507],[105],[325],[795],[360],[74],[297],[434],[773],[316],[358],[32],[574],[942],[583],[263],[828],[53],[966],[205],[241],[804],[520],[678],[334],[692],[187],[50],[115],[899],[493],[477],[714],[412],[686],[266],[107],[411],[836],[614],[104],[748],[620],[49],[316],[201],[875],[278],[912],[187],[397],[849],[270],[740],[21],[75],[537],[676],[795],[380],[129],[485],[252],[303],[230],[691],[222],[613],[495],[559],[746],[390],[362],[212],[320],[212],[735],[819],[160],[259],[209],[32],[668],[63],[406],[17],[773],[720],[929],[297],[588],[66],[796],[89],[845],[442]
788,[84],[15],[453],[195],[77],[786],[620],[265],[654],[540],[858],[997],[52],[231],[211],[803],[487],[455],[970],[662],[744],[942],[854],[309],[755],[634],[989],[450],[793],[611],[320],[279],[986],[244],[494],[976],[919],[296],[597],[503],[802],[475],[940],[683],[480],[842],[741],[381],[885],[351],[347],[666],[991],[439],[904],[168],[111],[11],[746],[339],[677],[279],[480],[592],[251],[711],[686],[353],[159],[228],[761],[940],[88],[211],[828],[790],[830],[875],[514],[562],[635],[525],[1],[134],[235],[351],[646],[208],[264],[901],[362],[845],[236],[508],[508],[815],[601],[417],[506],[882]
789,[301],[517],[901],[997],[993],[28],[272],[400],[617],[567],[887],[983],[680],[543],[124],[663],[75],[385],[653],[945],[340],[782],[72],[810],[189],[102],[700],[416],[529],[556],[348],[299],[676],[845],[96],[467],[699],[688],[754],[310],[251],[976],[80],[150],[41],[397],[418],[712],[866],[453],[542],[363],[968],[604],[700],[536],[914],[245],[25],[57],[210],[193],[313],[714],[445],[813],[123],[302],[654],[678],[244],[885],[421],[76],[458],[286],[602],[336],[532],[845],[982],[946],[40],[235],[171],[194],[68],[245],[650],[191],[439],[614],[374],[642],[966],[386],[654],[743],[856],[433]
790,[884],[658],[827],[239],[900],[200],[395],[204],[393],[383],[644],[314],[566],[387],[386],[144],[690],[318],[633],[828],[586],[342],[786],[596],[705],[951],[424],[720],[683],[236],[398],[779],[560],[130],[164],[429],[863],[641],[136],[426],[147],[722],[341],[211],[640],[254],[780],[484],[188],[890],[83],[435],[881],[504],[33],[530],[323],[184],[788],[333],[60],[292],[353],[326],[579],[355],[808],[287],[169],[493],[384],[337],[984],[364],[170],[621],[667],[395],[603],[241],[590],[150],[577],[81],[660],[34],[229],[455],[23],[280],[395],[83],[115],[800],[12],[808],[261],[493],[534],[400]
791,[243],[560],[236],[287],[24],[482],[319],[978],[409],[196],[750],[387],[91],[959],[119],[942],[133],[29],[696],[997],[376],[851],[499],[709],[125],[725],[674],[466],[355],[780],[50],[622],[465],[42],[498],[754],[823],[360],[291],[849],[92],[532],[534],[474],[487],[484],[167],[287],[384],[604],[273],[276],[147],[461],[347],[552],[162],[555],[239],[247],[269],[221],[909],[878],[982],[77],[472],[521],[909],[520],[626],[347],[786],[538],[323],[535],[526],[361],[831],[771],[561],[948],[922],[787],[916],[368],[354],[93],[136],[499],[235],[321],[795],[879],[765],[787],[456],[185],[389],[456]
792,[765],[537],[159],[917],[340],[20],[378],[496],[870],[591],[726],[46],[835],[338],[900],[54],[675],[295],[628],[960],[359],[719],[930],[189],[320],[893],[76],[831],[944],[954],[789],[771],[960],[648],[793],[881],[993],[259],[811],[898],[709],[434],[276],[507],[516],[627],[280],[310],[851],[723],[430],[178],[591],[454],[214],[281],[960],[360],[273],[221],[114],[419],[135],[438],[210],[1],[640],[717],[716],[186],[685],[419],[166],[373],[873],[549],[334],[527],[315],[128],[242],[533],[260],[475],[191],[990],[570],[308],[46],[572],[59],[353],[941],[536],[816],[681],[386],[874],[71],[229]
793,[508],[695],[123],[398],[222],[143],[274],[217],[665],[631],[309],[652],[829],[251],[836],[741],[295],[608],[658],[906],[488],[936],[217],[378],[593],[736],[385],[500],[474],[578],[368],[297],[614],[879],[356],[328],[681],[337],[596],[757],[327],[332],[845],[12],[619],[226],[700],[573],[881],[43],[844],[604],[897],[125],[776],[42],[528],[290],[883],[668],[84],[804],[573],[972],[312],[281],[730],[673],[146],[639],[781],[575],[699],[648],[860],[684],[619],[429],[648],[482],[859],[429],[940],[120],[561],[943],[536],[412],[332],[895],[665],[983],[738],[114],[593],[710],[799],[196],[894],[604]
794,[660],[934],[945],[247],[347],[327],[852],[537],[313],[197],[814],[856],[738],[819],[490],[704],[803],[262],[750],[982],[180],[529],[803],[334],[702],[109],[191],[829],[197],[424],[596],[589],[678],[392],[333],[25],[130],[473],[403],[610],[763],[243],[937],[72],[27],[984],[556],[523],[573],[493],[864],[702],[229],[164],[648],[292],[765],[145],[982],[251],[76],[259],[276],[652],[760],[585],[452],[92],[797],[440],[146],[417],[602],[93],[848],[445],[131],[598],[643],[528],[349],[132],[613],[397],[723],[299],[734],[585],[252],[224],[580],[303],[867],[810],[39],[148],[171],[485],[460],[493]
795,[138],[713],[142],[25],[302],[908],[356],[389],[680],[639],[153],[783],[990],[113],[664],[196],[817],[959],[421],[11],[372],[991],[69],[427],[520],[373],[63],[267],[62],[351],[721],[978],[786],[361],[151],[675],[647],[224],[381],[603],[665],[117],[112],[423],[651],[255],[595],[238],[669],[302],[792],[651],[227],[827],[607],[175],[733],[94],[660],[885],[164],[250],[45],[55],[215],[750],[201],[921],[784],[856],[763],[550],[915],[942],[131],[364],[206],[960],[930],[468],[793],[968],[18],[862],[931],[715],[649],[57],[32],[194],[669],[866],[363],[409],[754],[531],[803],[562],[226],[512]
796,[429],[822],[160],[205],[609],[418],[654],[151],[277],[810],[260],[790],[157],[706],[221],[589],[369],[487],[843],[270],[619],[608],[80],[907],[17],[40],[815],[662],[67],[844],[400],[701],[466],[204],[668],[621],[927],[711],[844],[578],[487],[638],[934],[715],[269],[575],[243],[928],[272],[951],[211],[67],[413],[874],[683],[667],[256],[117],[588],[944],[712],[723],[68],[830],[927],[43],[905],[88],[833],[956],[713],[270],[144],[918],[354],[308],[59],[433],[313],[441],[68],[363],[554],[341],[256],[606],[782],[320],[990],[503],[948],[68],[140],[193],[572],[52],[812],[553],[13],[787]
797,[801],[7],[570],[697],[215],[27],[974],[858],[746],[616],[932],[464],[896],[160],[128],[920],[703],[838],[357],[856],[504],[829],[42],[972],[514],[899],[730],[638],[76],[645],[89],[980],[722],[374],[563],[761],[99],[86],[314],[201],[176],[93],[247],[633],[693],[777],[177],[603],[510],[476],[491],[251],[670],[331],[448],[722],[151],[378],[437],[85],[763],[77],[811],[356],[701],[738],[784],[797],[383],[806],[569],[256],[547],[181],[982],[398],[276],[254],[92],[644],[223],[856],[765],[794],[98],[883],[801],[655],[428],[654],[855],[725],[895],[431],[615],[476],[213],[345],[422],[753]
798,[278],[430],[129],[156],[668],[959],[851],[887],[436],[809],[250],[458],[701],[652],[492],[511],[779],[597],[868],[187],[649],[178],[986],[93],[282],[486],[987],[322],[122],[226],[742],[127],[316],[63],[240],[59],[676],[912],[221],[186],[959],[550],[594],[11],[599],[809],[395],[877],[343],[265],[333],[222],[786],[240],[333],[286],[484],[154],[880],[902],[626],[941],[840],[97],[287],[833],[16],[557],[39],[354],[60],[344],[146],[764],[451],[630],[447],[869],[433],[161],[521],[668],[604],[906],[347],[52],[65],[225],[29],[725],[606],[915],[468],[574],[317],[747],[102],[724],[649],[309]
799,[917],[161],[331],[579],[972],[760],[295],[926],[928],[311],[491],[365],[26],[401],[303],[912],[465],[717],[739],[809],[331],[203],[760],[809],[143],[717],[618],[605],[976],[839],[911],[245],[4],[53],[378],[369],[79],[254],[987],[17],[520],[204],[393],[200],[785],[107],[572],[666],[953],[471],[666],[471],[674],[549],[191],[105],[431],[436],[498],[686],[513],[334],[229],[888],[959],[198],[846],[578],[487],[195],[907],[487],[366],[209],[842],[451],[487],[631],[359],[436],[811],[47],[625],[183],[431],[152],[418],[605],[309],[59],[224],[42],[874],[875],[491],[172],[327],[958],[79],[427]
800,[938],[26],[699],[548],[444],[127],[911],[52],[464],[552],[210],[496],[459],[673],[120],[514],[582],[665],[857],[770],[271],[524],[439],[100],[645],[357],[649],[695],[230],[19],[679],[180],[352],[475],[502],[796],[457],[777],[731],[709],[934],[680],[506],[830],[473],[787],[218],[307],[772],[361],[971],[929],[924],[402],[656],[841],[883],[424],[651],[495],[840],[128],[562],[945],[893],[32],[82],[924],[713],[154],[715],[246],[171],[32],[471],[574],[8],[376],[874],[73],[836],[924],[537],[428],[291],[793],[612],[608],[94],[423],[93],[779],[173],[858],[979],[26],[223],[241],[375],[306]
801,[223],[237],[597],[957],[132],[413],[599],[203],[242],[895],[874],[255],[498],[301],[455],[311],[609],[66],[769],[334],[902],[975],[681],[559],[364],[821],[910],[848],[926],[513],[683],[114],[381],[833],[266],[991],[201],[581],[771],[370],[397],[7],[527],[178],[800],[427],[847],[245],[29],[884],[989],[457],[283],[178],[227],[115],[425],[272],[603],[236],[749],[653],[130],[132],[899],[314],[134],[989],[955],[631],[758],[673],[194],[916],[385],[267],[616],[466],[260],[957],[84],[280],[344],[766],[599],[876],[595],[270],[493],[635],[782],[653],[669],[738],[884],[965],[135],[397],[168],[892]
802,[378],[39],[572],[326],[567],[590],[643],[291],[586],[439],[112],[506],[246],[94],[375],[833],[997],[768],[252],[672],[360],[874],[475],[984],[766],[814],[158],[371],[951],[542],[646],[896],[508],[829],[357],[900],[515],[418],[93],[241],[810],[404],[309],[189],[718],[464],[5],[728],[304],[945],[215],[484],[596],[303],[286],[502],[538],[912],[867],[457],[717],[129],[390],[257],[584],[465],[64],[899],[602],[356],[960],[164],[202],[80],[763],[527],[0],[830],[60],[604],[241],[576],[999],[549],[991],[191],[631],[23],[828],[472],[578],[597],[796],[512],[627],[474],[499],[763],[473],[712]
803,[88],[938],[727],[901],[844],[865],[292],[720],[509],[874],[784],[538],[767],[161],[468],[908],[530],[143],[330],[763],[270],[491],[79],[990],[952],[365],[836],[609],[681],[630],[955],[331],[111],[723],[569],[10],[82],[557],[335],[453],[651],[207],[291],[550],[263],[196],[937],[509],[742],[297],[98],[433],[79],[826],[206],[921],[754],[562],[641],[468],[455],[413],[893],[540],[161],[78],[216],[254],[838],[679],[813],[377],[669],[236],[269],[632],[988],[889],[671],[331],[965],[146],[800],[531],[425],[700],[880],[999],[583],[831],[105],[818],[145],[291],[470],[168],[921],[366],[711],[478]
804,[445],[131],[582],[977],[962],[744],[154],[666],[63],[344],[68],[853],[96],[110],[188],[945],[791],[35],[117],[258],[728],[926],[338],[672],[323],[743],[318],[409],[752],[30],[682],[954],[757],[73],[809],[896],[42],[78],[357],[995],[10],[866],[241],[449],[187],[489],[449],[717],[826],[114],[267],[42],[783],[933],[19],[590],[331],[4],[693],[950],[786],[63],[24],[165],[741],[39],[235],[576],[772],[99],[18],[515],[754],[642],[319],[515],[553],[446],[794],[4],[100],[371],[25],[300],[221],[405],[896],[22],[943],[748],[315],[893],[415],[292],[817],[199],[781],[157],[994],[483]
805,[864],[630],[392],[95],[73],[377],[883],[411],[202],[460],[150],[510],[391],[240],[140],[428],[520],[138],[721],[51],[199],[883],[723],[180],[127],[573],[335],[814],[657],[725],[594],[448],[101],[787],[748],[106],[173],[916],[701],[713],[459],[799],[688],[586],[874],[899],[207],[137],[178],[131],[118],[608],[477],[585],[748],[176],[469],[131],[140],[764],[306],[86],[463],[585],[261],[626],[3],[615],[646],[278],[46],[162],[676],[570],[42],[363],[455],[816],[424],[343],[672],[345],[699],[414],[752],[210],[21],[628],[563],[905],[41],[920],[271],[789],[483],[692],[958],[559],[779],[460]
806,[111],[19],[593],[131],[455],[750],[230],[845],[443],[40],[937],[543],[393],[795],[558],[822],[416],[77],[309],[958],[625],[346],[344],[854],[456],[670],[95],[921],[514],[966],[232],[669],[357],[238],[996],[996],[50],[664],[202],[34],[139],[164],[170],[146],[223],[248],[589],[263],[256],[414],[761],[186],[802],[71],[778],[4],[653],[663],[575],[320],[726],[576],[518],[261],[879],[824],[806],[622],[130],[694],[823],[860],[367],[418],[751],[198],[481],[949],[151],[205],[872],[472],[704],[420],[293],[811],[615],[646],[475],[355],[581],[850],[886],[410],[519],[455],[972],[900],[54],[162]
807,[202],[817],[207],[430],[37],[84],[589],[34],[180],[682],[921],[344],[949],[988],[967],[150],[908],[775],[697],[501],[691],[758],[807],[30],[552],[450],[145],[382],[573],[973],[918],[79],[950],[70],[430],[958],[178],[242],[820],[349],[371],[849],[193],[772],[760],[173],[868],[976],[148],[562],[248],[27],[490],[865],[916],[958],[562],[775],[69],[278],[588],[7],[569],[45],[384],[645],[450],[533],[137],[70],[34],[159],[329],[674],[955],[727],[877],[136],[854],[34],[321],[605],[580],[211],[398],[15],[814],[328],[193],[952],[130],[30],[671],[451],[294],[774],[205],[277],[178],[890]
808,[438],[859],[750],[648],[104],[919],[183],[860],[64],[67],[277],[62],[528],[610],[935],[790],[284],[2],[363],[559],[149],[631],[251],[151],[615],[680],[286],[21],[831],[991],[883],[610],[651],[55],[13],[268],[970],[175],[191],[764],[495],[479],[721],[743],[381],[535],[412],[930],[506],[964],[239],[924],[525],[680],[473],[438],[794],[828],[686],[170],[576],[9],[576],[397],[797],[417],[676],[759],[106],[647],[536],[894],[950],[177],[213],[756],[614],[216],[663],[106],[532],[10],[328],[994],[758],[323],[585],[331],[36],[351],[903],[264],[649],[37],[756],[185],[647],[352],[637],[236]
809,[736],[952],[124],[972],[125],[64],[962],[54],[84],[48],[44],[794],[789],[753],[477],[591],[359],[516],[254],[335],[170],[598],[943],[575],[865],[474],[198],[107],[42],[874],[96],[104],[503],[888],[550],[913],[952],[884],[835],[539],[236],[982],[655],[576],[252],[736],[618],[782],[762],[569],[290],[152],[856],[834],[273],[159],[702],[390],[829],[145],[652],[987],[465],[248],[823],[526],[565],[462],[275],[964],[561],[805],[953],[464],[457],[534],[312],[575],[627],[250],[702],[163],[437],[915],[637],[859],[450],[252],[706],[362],[347],[692],[48],[347],[286],[600],[487],[702],[419],[3]
810,[825],[353],[759],[635],[774],[265],[976],[692],[353],[409],[877],[169],[326],[695],[741],[905],[514],[602],[259],[609],[226],[929],[97],[585],[322],[549],[693],[943],[24],[264],[864],[324],[911],[953],[953],[14],[730],[659],[55],[897],[110],[558],[993],[634],[862],[80],[936],[955],[697],[716],[334],[5],[621],[120],[653],[2],[822],[651],[108],[781],[143],[671],[143],[665],[276],[271],[614],[205],[36],[116],[690],[750],[679],[257],[117],[356],[5],[79],[901],[31],[390],[760],[11],[379],[66],[436],[669],[468],[230],[561],[454],[420],[884],[786],[480],[909],[63],[884],[966],[541]
811,[359],[409],[896],[185],[614],[912],[465],[531],[820],[426],[780],[837],[913],[634],[968],[609],[33],[355],[817],[815],[23],[490],[218],[720],[384],[939],[54],[899],[985],[934],[740],[829],[886],[403],[475],[947],[151],[597],[630],[724],[529],[374],[606],[68],[744],[700],[690],[873],[346],[1],[165],[19],[503],[801],[483],[225],[473],[847],[544],[3],[357],[369],[154],[580],[812],[105],[652],[766],[732],[121],[858],[297],[775],[37],[184],[937],[385],[323],[265],[533],[549],[296],[749],[438],[272],[987],[840],[397],[430],[954],[254],[690],[863],[349],[380],[317],[347],[458],[62],[610]
812,[610],[906],[665],[941],[63],[739],[127],[564],[796],[522],[922],[193],[513],[501],[498],[468],[531],[310],[802],[840],[121],[363],[710],[525],[11],[469],[466],[448],[308],[349],[961],[169],[830],[808],[234],[277],[367],[294],[839],[288],[441],[264],[982],[271],[922],[906],[397],[35],[49],[226],[289],[626],[309],[174],[468],[930],[809],[990],[629],[661],[559],[242],[979],[961],[912],[572],[697],[600],[177],[927],[8],[696],[124],[356],[388],[155],[736],[321],[566],[614],[326],[479],[323],[335],[503],[634],[735],[768],[666],[734],[626],[756],[621],[644],[815],[834],[875],[915],[903],[399]
813,[800],[331],[246],[931],[889],[941],[802],[867],[941],[504],[710],[803],[413],[296],[745],[989],[367],[228],[749],[371],[847],[650],[991],[934],[20],[542],[78],[15],[497],[81],[952],[64],[862],[358],[221],[846],[504],[885],[439],[153],[378],[256],[789],[359],[858],[384],[401],[362],[262],[140],[892],[265],[200],[89],[222],[41],[84],[545],[490],[66],[696],[282],[747],[655],[395],[273],[303],[713],[744],[997],[721],[866],[701],[350],[680],[829],[139],[957],[709],[866],[151],[542],[108],[894],[201],[546],[392],[563],[688],[729],[879],[969],[757],[228],[998],[173],[700],[282],[848],[105]
814,[786],[362],[498],[277],[457],[623],[652],[84],[121],[267],[876],[507],[469],[590],[96],[377],[258],[233],[948],[104],[904],[967],[207],[137],[117],[84],[111],[56],[253],[754],[535],[408],[470],[995],[969],[38],[375],[994],[135],[260],[249],[657],[702],[203],[357],[145],[250],[645],[505],[316],[203],[852],[414],[580],[706],[528],[580],[558],[596],[118],[656],[478],[549],[6],[921],[69],[610],[7],[280],[841],[197],[32],[757],[331],[872],[995],[204],[36],[397],[438],[377],[617],[599],[369],[38],[627],[712],[327],[504],[408],[785],[874],[227],[267],[497],[178],[167],[407],[567],[38]
815,[253],[863],[490],[26],[398],[746],[667],[314],[34],[887],[530],[971],[970],[903],[427],[711],[452],[406],[905],[716],[858],[813],[899],[269],[410],[669],[233],[580],[884],[823],[487],[203],[510],[192],[507],[785],[580],[384],[703],[848],[745],[147],[626],[767],[546],[485],[376],[301],[275],[699],[749],[148],[576],[817],[374],[916],[361],[358],[687],[452],[640],[8],[806],[485],[853],[868],[716],[744],[951],[752],[924],[33],[875],[387],[630],[771],[691],[641],[780],[173],[193],[989],[710],[238],[35],[258],[906],[576],[189],[569],[160],[688],[304],[391],[807],[748],[984],[69],[491],[516]
816,[20],[803],[88],[732],[635],[455],[996],[992],[224],[423],[906],[116],[824],[7],[642],[438],[946],[523],[317],[457],[833],[401],[437],[686],[745],[690],[605],[717],[790],[123],[630],[697],[473],[317],[424],[213],[369],[326],[748],[396],[180],[775],[330],[594],[678],[641],[664],[986],[173],[848],[126],[735],[735],[843],[124],[621],[842],[488],[319],[475],[470],[363],[301],[143],[836],[687],[139],[695],[53],[866],[12],[953],[189],[15],[515],[430],[435],[369],[419],[399],[265],[980],[115],[182],[255],[673],[620],[247],[620],[980],[309],[180],[128],[54],[656],[999],[491],[903],[788],[998]
817,[609],[867],[731],[619],[322],[872],[848],[541],[557],[142],[322],[477],[542],[548],[805],[109],[823],[859],[768],[789],[643],[708],[400],[20],[108],[48],[187],[67],[377],[331],[344],[148],[105],[810],[861],[188],[376],[189],[623],[501],[901],[848],[763],[987],[434],[164],[7],[584],[221],[235],[331],[818],[764],[647],[130],[854],[228],[29],[492],[365],[671],[737],[270],[924],[712],[695],[646],[97],[421],[157],[804],[529],[507],[627],[718],[887],[625],[844],[774],[408],[28],[903],[310],[744],[981],[260],[237],[840],[5],[27],[877],[289],[610],[588],[552],[322],[68],[444],[909],[744]
818,[339],[67],[741],[733],[397],[618],[799],[723],[233],[901],[912],[149],[94],[505],[293],[613],[797],[71],[832],[118],[716],[9],[123],[788],[823],[533],[464],[959],[540],[207],[508],[633],[475],[285],[957],[206],[346],[660],[6],[839],[179],[170],[356],[652],[312],[110],[482],[62],[199],[230],[221],[477],[811],[423],[351],[612],[992],[521],[964],[627],[854],[263],[977],[757],[26],[115],[210],[516],[610],[422],[410],[88],[197],[50],[855],[833],[229],[544],[776],[169],[699],[382],[807],[831],[906],[249],[632],[656],[852],[261],[74],[612],[813],[575],[331],[661],[479],[107],[873],[993]
819,[144],[393],[147],[998],[896],[446],[59],[433],[20],[152],[377],[364],[394],[869],[832],[973],[197],[785],[236],[734],[616],[418],[239],[622],[337],[260],[627],[656],[157],[644],[118],[915],[306],[324],[352],[4],[563],[203],[274],[373],[14],[184],[539],[512],[949],[6],[306],[226],[937],[732],[698],[910],[845],[458],[739],[186],[756],[730],[400],[184],[561],[314],[560],[477],[4],[931],[624],[176],[52],[913],[306],[709],[993],[843],[881],[689],[574],[609],[857],[411],[497],[254],[545],[598],[849],[448],[38],[508],[705],[508],[747],[274],[250],[454],[638],[549],[526],[294],[282],[119]
820,[464],[504],[309],[763],[446],[239],[729],[424],[212],[833],[852],[561],[950],[577],[873],[320],[775],[708],[348],[618],[780],[168],[138],[805],[561],[463],[845],[277],[475],[282],[703],[787],[308],[13],[390],[94],[736],[560],[687],[69],[840],[418],[357],[518],[655],[675],[21],[885],[411],[629],[853],[920],[436],[277],[440],[284],[596],[426],[662],[152],[106],[556],[232],[164],[179],[428],[318],[953],[290],[619],[507],[882],[616],[107],[537],[18],[256],[723],[842],[413],[776],[727],[432],[927],[432],[702],[35],[351],[765],[231],[427],[67],[10],[375],[176],[383],[824],[545],[828],[991]
821,[764],[898],[183],[465],[354],[427],[355],[356],[317],[417],[948],[7],[554],[664],[980],[916],[850],[477],[931],[544],[511],[527],[431],[29],[747],[204],[470],[7],[779],[448],[205],[706],[78],[745],[576],[981],[996],[975],[961],[801],[581],[764],[613],[828],[397],[911],[9],[108],[779],[371],[87],[504],[109],[485],[528],[566],[112],[841],[803],[721],[949],[397],[379],[673],[289],[995],[390],[283],[988],[163],[422],[796],[249],[946],[210],[871],[265],[461],[463],[77],[736],[756],[877],[345],[125],[683],[562],[249],[48],[428],[736],[919],[5],[472],[222],[260],[368],[30],[995],[451]
822,[145],[972],[502],[408],[606],[566],[258],[406],[687],[29],[229],[228],[301],[609],[471],[925],[237],[956],[720],[133],[155],[896],[290],[214],[760],[414],[14],[982],[602],[939],[934],[7],[816],[929],[110],[670],[548],[237],[158],[200],[291],[413],[204],[699],[462],[887],[260],[441],[949],[803],[364],[438],[782],[679],[74],[32],[282],[335],[5],[160],[388],[818],[629],[149],[806],[445],[702],[818],[579],[747],[699],[935],[650],[842],[655],[207],[985],[907],[546],[986],[490],[654],[888],[555],[187],[884],[173],[352],[312],[425],[778],[286],[147],[678],[361],[539],[201],[886],[135],[495]
823,[486],[619],[881],[709],[475],[657],[389],[119],[851],[371],[988],[806],[84],[39],[320],[587],[361],[412],[443],[426],[356],[6],[18],[739],[178],[57],[510],[227],[662],[397],[701],[667],[500],[849],[770],[481],[527],[60],[957],[19],[413],[260],[124],[360],[93],[526],[378],[604],[766],[652],[166],[655],[543],[150],[820],[635],[542],[80],[176],[681],[933],[693],[206],[574],[96],[461],[237],[249],[94],[536],[418],[39],[749],[118],[245],[744],[588],[968],[918],[673],[54],[934],[352],[802],[355],[928],[524],[240],[552],[15],[568],[828],[510],[464],[550],[984],[383],[482],[707],[914]
824,[874],[112],[638],[981],[577],[911],[506],[287],[782],[996],[510],[891],[186],[128],[835],[865],[56],[671],[271],[572],[292],[314],[659],[879],[393],[620],[746],[469],[516],[599],[724],[625],[345],[811],[275],[840],[304],[12],[416],[408],[508],[138],[476],[434],[433],[298],[438],[521],[487],[661],[323],[858],[143],[38],[872],[339],[982],[487],[631],[78],[286],[328],[838],[541],[335],[146],[135],[408],[221],[831],[491],[680],[94],[873],[700],[555],[386],[0],[391],[853],[62],[551],[476],[11],[812],[429],[619],[729],[236],[167],[603],[351],[586],[940],[233],[302],[755],[832],[690],[790]
825,[723],[751],[841],[462],[371],[379],[125],[523],[167],[156],[556],[37],[312],[332],[767],[205],[587],[467],[122],[190],[799],[370],[120],[292],[501],[293],[97],[837],[667],[348],[496],[685],[416],[158],[581],[744],[914],[70],[665],[831],[953],[861],[712],[890],[642],[169],[607],[388],[253],[726],[317],[476],[888],[267],[181],[527],[979],[413],[402],[150],[441],[240],[695],[900],[503],[922],[55],[417],[486],[383],[344],[48],[97],[248],[916],[611],[537],[670],[341],[381],[192],[735],[664],[340],[129],[308],[112],[227],[574],[616],[816],[307],[778],[567],[92],[447],[113],[606],[216],[580]
826,[762],[647],[883],[778],[826],[480],[298],[790],[724],[334],[243],[53],[778],[201],[833],[326],[373],[6],[835],[759],[126],[245],[480],[572],[740],[332],[124],[926],[660],[4],[59],[786],[726],[237],[31],[380],[311],[453],[13],[701],[734],[510],[679],[856],[955],[274],[132],[750],[572],[120],[434],[421],[999],[20],[803],[716],[656],[63],[156],[193],[208],[962],[640],[506],[134],[310],[719],[61],[861],[478],[365],[180],[226],[967],[414],[870],[21],[986],[294],[609],[750],[659],[194],[416],[340],[929],[135],[992],[203],[341],[859],[126],[153],[985],[153],[340],[23],[618],[930],[307]
827,[217],[653],[995],[27],[589],[323],[593],[99],[297],[231],[286],[643],[463],[421],[12],[604],[60],[981],[887],[772],[622],[902],[758],[971],[857],[516],[371],[941],[30],[116],[61],[839],[255],[500],[387],[119],[935],[65],[793],[265],[699],[609],[867],[102],[604],[334],[534],[178],[783],[126],[955],[673],[646],[851],[241],[187],[661],[5],[386],[905],[326],[123],[968],[210],[532],[563],[147],[382],[461],[413],[513],[548],[539],[64],[284],[317],[40],[509],[300],[871],[431],[375],[214],[761],[115],[999],[918],[289],[464],[718],[635],[922],[403],[762],[339],[14],[709],[468],[816],[140]
828,[909],[425],[503],[606],[682],[843],[598],[458],[311],[436],[766],[342],[796],[469],[66],[848],[572],[463],[747],[748],[500],[2],[104],[463],[655],[270],[221],[185],[4],[475],[914],[665],[72],[350],[317],[334],[221],[602],[503],[185],[843],[322],[978],[368],[836],[56],[399],[330],[613],[143],[612],[71],[954],[34],[826],[158],[617],[647],[710],[507],[741],[110],[535],[68],[227],[356],[961],[918],[642],[702],[993],[197],[352],[581],[789],[183],[66],[458],[601],[248],[361],[223],[914],[294],[213],[501],[800],[843],[958],[914],[618],[733],[765],[345],[43],[284],[338],[330],[19],[359]
829,[497],[309],[771],[429],[981],[727],[755],[492],[319],[343],[367],[774],[718],[644],[287],[881],[521],[104],[667],[361],[294],[634],[974],[691],[670],[676],[146],[658],[349],[558],[747],[575],[147],[236],[464],[961],[813],[374],[828],[784],[904],[348],[397],[622],[576],[361],[817],[989],[829],[721],[737],[590],[725],[819],[562],[994],[861],[178],[561],[367],[721],[688],[730],[538],[407],[762],[174],[701],[812],[523],[986],[24],[447],[984],[566],[761],[898],[414],[992],[353],[975],[124],[930],[593],[581],[389],[937],[557],[142],[52],[102],[462],[766],[214],[654],[75],[903],[717],[210],[871]
830,[232],[940],[528],[991],[996],[837],[889],[734],[482],[473],[136],[241],[50],[885],[302],[460],[723],[73],[569],[148],[61],[338],[349],[299],[85],[338],[922],[744],[614],[350],[346],[403],[291],[752],[797],[620],[260],[555],[872],[944],[392],[843],[661],[687],[873],[749],[194],[500],[502],[181],[520],[887],[855],[66],[502],[714],[330],[240],[341],[146],[623],[231],[583],[251],[692],[564],[653],[379],[956],[816],[987],[485],[900],[35],[878],[62],[694],[584],[946],[1],[618],[473],[632],[338],[325],[755],[968],[198],[30],[213],[365],[230],[417],[336],[795],[329],[573],[166],[368],[265]
831,[902],[261],[987],[289],[716],[784],[282],[414],[238],[80],[930],[978],[806],[826],[644],[390],[781],[669],[272],[138],[281],[71],[743],[412],[656],[624],[525],[970],[119],[206],[377],[721],[459],[29],[678],[537],[258],[487],[469],[437],[937],[687],[537],[667],[752],[560],[756],[318],[86],[326],[503],[436],[76],[287],[819],[205],[502],[474],[155],[290],[978],[113],[572],[747],[875],[528],[592],[503],[157],[637],[70],[365],[140],[530],[995],[781],[808],[939],[169],[735],[486],[34],[496],[547],[943],[624],[270],[291],[408],[384],[412],[611],[788],[784],[837],[943],[295],[212],[418],[667]
832,[225],[960],[278],[861],[292],[765],[419],[955],[299],[157],[469],[617],[3],[523],[670],[667],[16],[611],[889],[620],[665],[960],[915],[86],[0],[668],[265],[413],[552],[377],[64],[561],[182],[5],[459],[634],[964],[112],[706],[683],[196],[48],[21],[275],[603],[346],[564],[424],[382],[70],[610],[128],[116],[540],[600],[514],[527],[500],[990],[69],[981],[870],[989],[159],[817],[633],[596],[479],[660],[73],[827],[937],[78],[186],[150],[337],[714],[390],[46],[879],[762],[624],[283],[29],[855],[760],[913],[518],[976],[540],[997],[669],[749],[458],[211],[43],[262],[10],[908],[370]
833,[257],[229],[491],[252],[310],[479],[730],[973],[962],[752],[92],[381],[267],[235],[995],[226],[46],[166],[414],[612],[817],[186],[693],[338],[804],[191],[801],[352],[726],[443],[394],[624],[158],[658],[871],[190],[500],[882],[893],[620],[316],[619],[36],[898],[617],[175],[709],[118],[454],[65],[999],[182],[493],[133],[727],[283],[163],[811],[39],[90],[575],[503],[787],[425],[542],[114],[329],[741],[46],[782],[336],[251],[866],[707],[806],[861],[789],[864],[636],[749],[800],[509],[51],[968],[813],[625],[443],[808],[783],[928],[854],[968],[532],[368],[478],[224],[432],[710],[180],[565]
834,[922],[321],[87],[133],[306],[120],[22],[689],[221],[257],[356],[529],[584],[657],[681],[376],[448],[721],[340],[627],[330],[454],[216],[727],[840],[838],[22],[77],[243],[162],[325],[819],[504],[378],[885],[555],[946],[130],[543],[969],[572],[910],[654],[122],[257],[958],[133],[216],[322],[97],[871],[355],[712],[656],[209],[784],[703],[563],[827],[331],[935],[435],[685],[442],[245],[262],[9],[773],[704],[382],[751],[4],[728],[17],[729],[916],[320],[656],[134],[807],[232],[287],[575],[38],[966],[226],[867],[634],[578],[769],[366],[665],[721],[312],[481],[938],[317],[460],[495],[899]
835,[753],[673],[77],[405],[61],[677],[307],[857],[326],[317],[193],[428],[643],[373],[736],[388],[394],[876],[89],[954],[318],[215],[878],[244],[6],[766],[861],[167],[342],[141],[131],[770],[837],[194],[869],[372],[674],[214],[164],[904],[791],[32],[943],[821],[72],[681],[107],[351],[15],[681],[490],[503],[432],[26],[142],[127],[947],[819],[166],[829],[462],[426],[943],[181],[330],[555],[903],[499],[806],[234],[388],[248],[817],[709],[79],[395],[613],[998],[104],[355],[91],[210],[233],[58],[836],[164],[799],[899],[679],[897],[716],[299],[41],[133],[212],[388],[636],[619],[839],[777]
836,[214],[740],[22],[231],[735],[703],[138],[936],[762],[496],[279],[732],[627],[714],[321],[8],[344],[502],[215],[481],[179],[580],[199],[192],[695],[312],[359],[995],[396],[961],[804],[512],[297],[388],[711],[865],[579],[57],[38],[736],[49],[74],[980],[711],[993],[46],[197],[53],[764],[839],[524],[233],[989],[365],[231],[516],[512],[486],[390],[614],[217],[774],[458],[908],[457],[966],[760],[67],[525],[516],[263],[981],[157],[550],[88],[35],[53],[121],[773],[597],[656],[841],[368],[757],[63],[650],[49],[269],[946],[539],[999],[847],[64],[327],[247],[961],[666],[609],[931],[294]
837,[252],[395],[616],[766],[119],[846],[698],[86],[648],[4],[681],[278],[220],[555],[730],[424],[567],[122],[43],[569],[846],[860],[865],[533],[495],[797],[176],[297],[337],[641],[653],[349],[438],[874],[305],[967],[890],[350],[465],[836],[395],[644],[670],[358],[84],[956],[912],[100],[309],[691],[578],[996],[901],[496],[109],[547],[351],[719],[52],[433],[179],[985],[763],[26],[325],[928],[376],[710],[675],[876],[663],[390],[658],[636],[565],[376],[210],[849],[594],[335],[394],[431],[944],[436],[69],[341],[919],[963],[256],[75],[490],[464],[793],[351],[5],[290],[789],[293],[76],[168]
838,[639],[338],[73],[799],[433],[443],[137],[370],[696],[105],[832],[254],[46],[873],[208],[959],[438],[550],[132],[887],[222],[525],[665],[852],[602],[484],[248],[891],[809],[101],[147],[498],[79],[606],[220],[951],[525],[908],[374],[346],[433],[251],[683],[463],[643],[786],[608],[132],[768],[757],[512],[709],[571],[868],[413],[277],[666],[239],[907],[519],[862],[246],[292],[836],[903],[795],[626],[48],[929],[59],[534],[636],[405],[232],[986],[385],[586],[464],[889],[797],[832],[194],[716],[371],[423],[580],[671],[266],[302],[239],[601],[132],[540],[868],[89],[551],[821],[627],[145],[32]
839,[615],[268],[921],[362],[320],[802],[677],[511],[231],[926],[728],[766],[942],[146],[261],[280],[566],[641],[456],[976],[274],[981],[594],[623],[788],[208],[207],[0],[847],[421],[483],[207],[317],[712],[211],[436],[905],[10],[846],[537],[643],[498],[657],[866],[984],[690],[154],[954],[619],[782],[284],[536],[392],[758],[618],[139],[626],[944],[594],[806],[490],[225],[708],[766],[405],[486],[43],[395],[247],[982],[345],[676],[801],[562],[40],[661],[433],[295],[635],[264],[507],[185],[723],[220],[952],[9],[164],[521],[482],[76],[281],[408],[933],[657],[840],[918],[114],[167],[579],[675]
840,[376],[266],[514],[414],[378],[251],[983],[455],[412],[856],[553],[588],[217],[962],[176],[346],[113],[136],[710],[715],[624],[659],[326],[84],[368],[619],[49],[579],[374],[642],[812],[615],[86],[169],[814],[597],[230],[737],[990],[41],[272],[1],[382],[371],[841],[114],[274],[765],[691],[363],[670],[555],[416],[804],[146],[422],[445],[655],[73],[478],[659],[699],[742],[108],[826],[101],[539],[363],[334],[272],[703],[640],[427],[693],[350],[637],[776],[74],[846],[565],[388],[944],[228],[790],[890],[757],[518],[722],[37],[223],[141],[374],[265],[573],[541],[360],[176],[896],[658],[891]
841,[783],[188],[406],[225],[868],[608],[342],[301],[366],[245],[794],[129],[684],[264],[383],[291],[223],[196],[483],[434],[796],[213],[951],[74],[891],[52],[136],[462],[762],[456],[183],[905],[788],[947],[199],[152],[869],[568],[885],[398],[503],[11],[872],[7],[767],[930],[405],[625],[695],[197],[131],[173],[716],[238],[657],[411],[0],[490],[250],[798],[109],[983],[381],[566],[716],[550],[564],[840],[793],[390],[189],[498],[841],[544],[638],[509],[944],[188],[658],[425],[415],[378],[322],[503],[983],[633],[9],[446],[317],[136],[985],[32],[531],[625],[101],[578],[869],[309],[957],[815]
842,[303],[870],[132],[314],[702],[462],[145],[484],[501],[971],[564],[315],[0],[265],[298],[200],[957],[835],[509],[3],[767],[504],[972],[733],[784],[879],[347],[461],[404],[465],[308],[5],[288],[865],[159],[136],[838],[746],[415],[206],[185],[220],[973],[95],[354],[381],[671],[708],[571],[27],[56],[82],[827],[903],[501],[34],[496],[931],[976],[427],[117],[389],[515],[646],[212],[372],[22],[733],[555],[725],[290],[196],[60],[121],[579],[666],[785],[937],[549],[497],[65],[268],[308],[285],[352],[631],[678],[892],[101],[866],[65],[39],[226],[158],[119],[759],[279],[727],[555],[387]
843,[351],[983],[212],[210],[551],[538],[254],[40],[26],[140],[782],[217],[254],[692],[786],[938],[298],[311],[267],[751],[750],[582],[700],[72],[515],[476],[662],[990],[428],[174],[465],[875],[854],[997],[864],[707],[774],[985],[526],[163],[660],[531],[325],[718],[736],[960],[36],[206],[276],[462],[233],[419],[28],[422],[990],[490],[268],[508],[275],[164],[675],[278],[116],[273],[239],[47],[263],[538],[205],[61],[572],[267],[858],[785],[288],[474],[617],[878],[15],[134],[246],[792],[621],[833],[574],[858],[125],[564],[477],[780],[496],[472],[584],[904],[928],[110],[862],[142],[504],[703]
844,[843],[808],[174],[359],[751],[952],[2],[483],[647],[357],[652],[719],[734],[334],[573],[63],[593],[337],[468],[959],[320],[733],[742],[264],[458],[267],[533],[384],[51],[821],[87],[911],[687],[153],[567],[84],[872],[44],[255],[409],[388],[245],[875],[3],[85],[413],[954],[531],[67],[466],[729],[991],[262],[14],[939],[501],[784],[550],[714],[845],[63],[428],[850],[959],[563],[396],[767],[156],[789],[435],[848],[639],[269],[195],[703],[279],[191],[462],[598],[46],[923],[74],[711],[765],[435],[961],[882],[116],[746],[455],[475],[840],[295],[206],[652],[272],[272],[604],[285],[806]
845,[703],[111],[464],[479],[463],[951],[440],[630],[245],[864],[219],[645],[762],[899],[666],[371],[760],[878],[757],[149],[553],[889],[771],[166],[190],[118],[727],[138],[849],[1],[313],[171],[38],[434],[241],[889],[892],[202],[277],[817],[12],[111],[231],[234],[15],[59],[440],[166],[802],[613],[35],[576],[349],[655],[380],[27],[296],[989],[828],[972],[745],[228],[373],[174],[896],[938],[137],[91],[779],[307],[875],[375],[948],[98],[163],[739],[960],[809],[379],[621],[711],[793],[546],[590],[573],[374],[878],[66],[732],[801],[556],[334],[944],[135],[86],[917],[142],[792],[629],[921]
846,[633],[806],[437],[573],[305],[51],[553],[909],[68],[915],[924],[27],[886],[454],[174],[167],[687],[486],[550],[253],[29],[97],[574],[856],[608],[319],[748],[294],[861],[552],[635],[546],[110],[628],[210],[102],[231],[247],[445],[739],[51],[968],[659],[121],[663],[637],[616],[961],[621],[995],[616],[13],[507],[394],[785],[401],[231],[104],[868],[936],[445],[972],[388],[434],[794],[982],[868],[78],[307],[237],[590],[433],[974],[902],[65],[685],[532],[317],[312],[639],[278],[36],[231],[283],[513],[751],[285],[124],[944],[659],[691],[903],[22],[726],[791],[851],[252],[947],[205],[383]
847,[222],[75],[797],[781],[907],[836],[914],[680],[517],[961],[218],[372],[178],[832],[84],[743],[299],[273],[488],[630],[973],[625],[919],[918],[421],[642],[522],[200],[466],[463],[931],[806],[201],[289],[946],[841],[922],[435],[948],[128],[822],[278],[530],[592],[909],[4],[111],[554],[642],[296],[13],[268],[363],[845],[548],[404],[882],[631],[443],[154],[823],[682],[183],[890],[20],[303],[651],[686],[276],[993],[25],[819],[987],[540],[481],[562],[786],[531],[157],[903],[360],[450],[81],[46],[504],[78],[557],[742],[306],[702],[351],[505],[703],[830],[622],[529],[503],[227],[283],[704]
848,[276],[479],[804],[748],[825],[667],[804],[259],[435],[570],[550],[331],[472],[374],[274],[918],[753],[574],[540],[41],[588],[375],[255],[824],[932],[511],[891],[573],[471],[605],[709],[704],[555],[449],[974],[20],[568],[99],[108],[544],[160],[570],[433],[208],[691],[773],[830],[552],[128],[112],[779],[499],[81],[685],[592],[95],[5],[127],[562],[925],[515],[666],[223],[168],[783],[814],[705],[838],[385],[985],[578],[623],[923],[997],[688],[355],[825],[55],[366],[711],[930],[20],[504],[149],[580],[517],[334],[711],[243],[579],[253],[257],[47],[593],[374],[74],[263],[765],[183],[185]
849,[645],[707],[959],[666],[28],[97],[484],[367],[251],[323],[168],[308],[903],[613],[729],[132],[809],[605],[442],[757],[120],[451],[561],[39],[53],[152],[260],[753],[622],[979],[427],[533],[535],[563],[451],[917],[816],[210],[5],[958],[111],[617],[761],[15],[73],[312],[11],[915],[479],[473],[417],[624],[123],[31],[628],[98],[643],[121],[277],[744],[802],[635],[735],[955],[32],[516],[914],[879],[158],[623],[169],[563],[572],[679],[913],[563],[769],[752],[133],[579],[607],[53],[579],[990],[241],[301],[102],[767],[459],[828],[92],[623],[517],[629],[982],[418],[808],[442],[121],[195]
850,[863],[665],[999],[988],[709],[103],[82],[853],[999],[609],[717],[584],[927],[84],[147],[594],[988],[547],[8],[184],[56],[688],[994],[604],[27],[437],[43],[290],[221],[563],[437],[982],[482],[302],[226],[820],[951],[325],[302],[334],[965],[897],[507],[101],[901],[467],[323],[398],[706],[871],[158],[132],[750],[998],[623],[728],[698],[598],[268],[451],[679],[188],[286],[730],[482],[59],[654],[543],[883],[25],[95],[965],[424],[852],[334],[70],[797],[794],[363],[213],[313],[133],[480],[649],[628],[466],[902],[149],[488],[348],[257],[486],[755],[369],[657],[849],[863],[780],[22],[855]
851,[561],[738],[600],[388],[863],[345],[608],[169],[720],[348],[240],[185],[430],[324],[812],[67],[262],[866],[205],[331],[563],[855],[484],[593],[549],[62],[796],[485],[239],[989],[285],[630],[665],[43],[253],[267],[517],[282],[542],[293],[400],[148],[897],[705],[781],[424],[790],[70],[48],[232],[914],[956],[82],[720],[194],[37],[709],[778],[622],[637],[267],[762],[525],[242],[763],[501],[108],[721],[767],[836],[753],[948],[179],[858],[238],[586],[836],[196],[592],[501],[345],[222],[251],[370],[48],[649],[625],[947],[103],[927],[8],[911],[223],[684],[956],[975],[738],[117],[582],[637]
852,[820],[88],[493],[937],[421],[145],[202],[958],[329],[761],[762],[144],[306],[49],[310],[347],[231],[704],[304],[884],[867],[683],[468],[143],[724],[561],[888],[453],[814],[927],[518],[165],[351],[259],[136],[777],[475],[968],[648],[587],[475],[342],[869],[862],[743],[522],[859],[882],[94],[743],[220],[99],[215],[493],[620],[325],[57],[750],[370],[315],[137],[200],[775],[641],[504],[562],[189],[813],[444],[922],[436],[691],[71],[324],[243],[806],[430],[425],[684],[921],[179],[149],[102],[612],[85],[310],[118],[746],[904],[181],[495],[5],[185],[722],[992],[191],[926],[858],[429],[510]
853,[550],[949],[762],[578],[254],[842],[967],[493],[966],[63],[907],[907],[399],[815],[914],[820],[304],[358],[162],[320],[546],[265],[950],[967],[355],[143],[143],[283],[129],[543],[793],[256],[360],[951],[393],[609],[20],[85],[740],[406],[88],[771],[526],[793],[574],[871],[384],[561],[347],[713],[416],[628],[431],[462],[517],[959],[489],[842],[814],[720],[722],[552],[254],[84],[791],[452],[412],[572],[931],[353],[780],[925],[704],[21],[380],[927],[916],[663],[125],[887],[901],[878],[200],[545],[481],[437],[324],[324],[683],[440],[679],[161],[542],[493],[210],[107],[630],[320],[759],[624]
854,[701],[104],[296],[915],[535],[21],[655],[716],[576],[390],[291],[454],[152],[379],[768],[177],[889],[458],[988],[646],[361],[356],[664],[234],[907],[195],[480],[479],[269],[786],[716],[593],[336],[432],[930],[624],[423],[444],[882],[350],[811],[412],[409],[315],[489],[472],[786],[83],[776],[915],[839],[382],[818],[83],[193],[434],[719],[817],[625],[657],[557],[777],[579],[536],[943],[213],[900],[617],[238],[566],[841],[420],[643],[621],[151],[964],[10],[989],[20],[654],[797],[733],[479],[450],[245],[895],[266],[465],[66],[396],[221],[849],[224],[48],[924],[84],[826],[775],[850],[671]
855,[644],[899],[889],[827],[987],[860],[227],[4],[978],[53],[106],[898],[532],[768],[633],[716],[912],[976],[229],[966],[741],[741],[96],[198],[774],[241],[53],[518],[712],[731],[875],[738],[540],[590],[818],[943],[10],[355],[94],[434],[319],[175],[495],[137],[729],[500],[648],[532],[994],[917],[827],[737],[321],[478],[821],[885],[590],[191],[328],[87],[83],[782],[824],[253],[49],[9],[667],[602],[919],[427],[415],[596],[781],[245],[229],[532],[841],[103],[990],[532],[314],[457],[317],[784],[656],[140],[380],[954],[957],[209],[250],[98],[482],[873],[948],[91],[555],[77],[638],[120]
856,[611],[583],[128],[2],[931],[279],[471],[280],[384],[194],[990],[935],[667],[342],[944],[131],[576],[668],[929],[64],[651],[919],[688],[392],[204],[409],[755],[120],[338],[554],[249],[469],[913],[922],[237],[823],[834],[749],[131],[375],[432],[667],[165],[738],[994],[813],[791],[733],[83],[74],[938],[769],[861],[447],[571],[25],[11],[900],[349],[745],[895],[47],[25],[9],[174],[748],[898],[831],[479],[697],[636],[599],[912],[454],[650],[242],[134],[978],[75],[881],[148],[231],[374],[949],[629],[831],[27],[158],[528],[667],[771],[888],[0],[997],[764],[675],[480],[991],[580],[163]
857,[847],[394],[677],[905],[712],[416],[856],[445],[457],[136],[636],[444],[221],[309],[577],[292],[752],[819],[79],[126],[232],[850],[292],[919],[462],[643],[224],[838],[443],[710],[516],[80],[266],[534],[99],[207],[249],[287],[765],[105],[612],[632],[697],[852],[304],[504],[891],[636],[291],[470],[448],[812],[679],[887],[513],[619],[655],[309],[511],[117],[798],[151],[588],[5],[827],[179],[127],[485],[993],[545],[54],[9],[684],[972],[774],[729],[365],[583],[956],[953],[124],[693],[803],[786],[879],[116],[717],[285],[768],[48],[52],[704],[825],[798],[666],[771],[329],[933],[129],[702]
858,[791],[758],[915],[802],[30],[349],[340],[418],[281],[965],[574],[419],[809],[183],[104],[384],[104],[43],[0],[313],[9],[696],[512],[853],[305],[876],[539],[102],[80],[704],[520],[900],[262],[422],[747],[8],[62],[952],[142],[852],[590],[536],[372],[790],[121],[795],[270],[125],[64],[71],[355],[406],[946],[937],[319],[859],[139],[116],[311],[313],[90],[462],[737],[772],[516],[305],[635],[781],[116],[197],[10],[532],[806],[188],[49],[828],[9],[739],[814],[208],[134],[87],[331],[148],[27],[346],[47],[424],[992],[940],[199],[97],[701],[329],[472],[624],[628],[669],[791],[850]
859,[808],[396],[74],[93],[676],[217],[284],[515],[138],[643],[749],[287],[17],[109],[684],[870],[763],[286],[629],[446],[761],[156],[678],[196],[378],[297],[759],[754],[879],[910],[300],[53],[427],[140],[736],[311],[916],[835],[582],[82],[470],[506],[900],[910],[896],[701],[969],[81],[539],[12],[60],[609],[125],[5],[789],[806],[672],[915],[789],[296],[730],[456],[478],[73],[249],[316],[811],[532],[914],[751],[464],[751],[1],[531],[654],[463],[899],[385],[263],[732],[107],[663],[464],[213],[444],[232],[263],[551],[516],[796],[408],[495],[452],[998],[44],[704],[412],[988],[787],[461]
860,[433],[216],[177],[974],[568],[96],[210],[41],[689],[38],[149],[575],[545],[697],[282],[627],[403],[501],[316],[755],[396],[948],[399],[160],[152],[223],[47],[964],[597],[759],[890],[976],[396],[613],[853],[988],[514],[317],[3],[851],[898],[505],[345],[666],[459],[225],[781],[248],[947],[930],[79],[837],[435],[554],[458],[682],[110],[106],[168],[450],[369],[734],[361],[535],[501],[741],[272],[959],[59],[847],[951],[243],[273],[983],[130],[577],[401],[941],[834],[645],[921],[109],[372],[511],[734],[723],[421],[928],[353],[92],[385],[428],[332],[184],[535],[451],[982],[869],[728],[139]
861,[911],[595],[131],[284],[979],[631],[216],[152],[272],[507],[80],[630],[634],[893],[547],[399],[148],[359],[706],[892],[878],[130],[423],[759],[295],[837],[273],[342],[823],[773],[669],[76],[451],[691],[808],[802],[613],[898],[552],[883],[586],[287],[283],[406],[277],[862],[645],[187],[652],[863],[254],[882],[996],[596],[399],[582],[624],[148],[743],[257],[843],[467],[380],[30],[704],[13],[875],[70],[118],[461],[801],[466],[564],[306],[424],[921],[792],[506],[793],[395],[895],[436],[730],[937],[62],[145],[909],[262],[890],[318],[234],[157],[134],[761],[677],[619],[440],[554],[581],[352]
862,[485],[227],[765],[819],[905],[407],[243],[794],[952],[970],[862],[526],[753],[320],[377],[969],[35],[331],[547],[891],[251],[471],[675],[996],[797],[15],[89],[853],[486],[166],[342],[461],[636],[919],[299],[568],[4],[647],[798],[297],[639],[401],[996],[690],[537],[802],[553],[940],[630],[518],[161],[591],[300],[697],[465],[44],[950],[159],[77],[824],[255],[534],[265],[656],[596],[638],[987],[972],[672],[960],[880],[437],[151],[180],[711],[516],[304],[412],[722],[177],[346],[832],[694],[115],[5],[972],[978],[504],[803],[762],[721],[671],[504],[710],[797],[753],[650],[610],[760],[444]
863,[592],[686],[685],[424],[721],[637],[357],[593],[55],[943],[699],[201],[438],[323],[145],[462],[879],[544],[734],[285],[929],[248],[311],[265],[66],[398],[144],[521],[17],[849],[225],[362],[302],[694],[318],[562],[888],[931],[446],[26],[78],[647],[910],[300],[900],[792],[987],[179],[719],[247],[170],[282],[470],[148],[115],[228],[196],[461],[748],[949],[863],[370],[561],[493],[184],[79],[168],[23],[171],[400],[309],[610],[85],[378],[468],[87],[563],[410],[165],[428],[768],[427],[548],[551],[806],[387],[456],[855],[144],[988],[554],[125],[877],[273],[72],[275],[909],[94],[557],[767]
864,[585],[367],[594],[290],[260],[331],[277],[109],[330],[402],[637],[141],[861],[486],[8],[555],[481],[554],[751],[107],[317],[273],[361],[341],[790],[291],[341],[581],[196],[404],[720],[100],[998],[742],[104],[680],[425],[339],[833],[25],[992],[539],[914],[927],[859],[994],[995],[949],[758],[18],[841],[627],[567],[479],[986],[268],[345],[133],[398],[966],[560],[479],[488],[454],[682],[123],[7],[912],[251],[485],[640],[19],[850],[829],[508],[879],[757],[673],[675],[466],[339],[175],[67],[561],[743],[333],[864],[667],[608],[256],[687],[771],[55],[85],[650],[325],[236],[534],[488],[19]
865,[68],[383],[455],[956],[48],[696],[675],[912],[483],[281],[914],[650],[304],[412],[0],[96],[515],[352],[829],[305],[893],[195],[690],[181],[513],[551],[492],[123],[75],[861],[458],[822],[472],[502],[73],[984],[788],[66],[914],[853],[230],[298],[12],[387],[535],[551],[971],[851],[229],[556],[963],[636],[132],[768],[60],[739],[286],[276],[214],[835],[694],[810],[513],[791],[67],[757],[826],[181],[271],[848],[231],[322],[895],[765],[99],[112],[188],[418],[303],[657],[517],[656],[235],[112],[265],[154],[330],[969],[386],[16],[914],[637],[327],[466],[947],[905],[501],[675],[558],[11]
866,[396],[71],[974],[65],[483],[556],[885],[901],[559],[47],[370],[252],[185],[667],[595],[348],[955],[361],[656],[411],[779],[604],[12],[598],[327],[81],[413],[210],[260],[365],[436],[780],[598],[40],[91],[262],[350],[914],[861],[678],[1],[730],[454],[494],[569],[390],[139],[690],[60],[946],[631],[425],[181],[553],[713],[646],[667],[31],[537],[738],[333],[100],[753],[629],[656],[846],[218],[213],[460],[92],[210],[393],[768],[433],[620],[297],[922],[916],[922],[154],[716],[593],[852],[160],[452],[35],[290],[461],[954],[880],[95],[458],[111],[597],[997],[848],[497],[441],[272],[939]
867,[206],[122],[219],[928],[563],[758],[269],[813],[223],[133],[525],[666],[224],[987],[780],[813],[162],[259],[213],[723],[197],[557],[78],[883],[889],[709],[452],[55],[656],[127],[678],[950],[908],[442],[616],[129],[752],[145],[993],[733],[790],[961],[772],[40],[309],[706],[906],[393],[259],[465],[164],[715],[263],[498],[633],[122],[293],[630],[413],[768],[838],[838],[112],[312],[480],[474],[66],[663],[862],[682],[971],[591],[896],[106],[165],[10],[940],[94],[841],[182],[660],[852],[365],[735],[76],[237],[432],[647],[102],[807],[718],[875],[688],[30],[259],[1],[498],[319],[360],[144]
868,[571],[640],[697],[554],[927],[809],[657],[111],[65],[628],[978],[208],[201],[284],[22],[690],[916],[849],[408],[153],[347],[393],[732],[430],[751],[448],[518],[871],[694],[812],[27],[163],[767],[474],[698],[855],[69],[474],[366],[708],[407],[819],[957],[156],[622],[612],[71],[659],[14],[257],[344],[602],[334],[302],[398],[238],[341],[447],[965],[555],[56],[662],[85],[680],[586],[841],[453],[898],[55],[386],[988],[172],[805],[77],[241],[411],[466],[344],[470],[52],[875],[758],[205],[635],[338],[986],[759],[51],[700],[692],[371],[547],[841],[77],[114],[268],[120],[264],[835],[273]
869,[520],[200],[8],[76],[404],[817],[771],[497],[357],[469],[280],[559],[499],[843],[842],[361],[672],[421],[228],[81],[195],[867],[509],[914],[267],[349],[288],[327],[390],[662],[254],[861],[363],[642],[714],[226],[203],[188],[367],[325],[401],[787],[146],[349],[779],[268],[578],[857],[216],[737],[198],[502],[95],[84],[185],[602],[763],[738],[53],[524],[101],[41],[522],[156],[475],[608],[495],[619],[336],[140],[510],[486],[33],[154],[839],[521],[124],[41],[673],[942],[662],[393],[875],[852],[668],[212],[897],[570],[590],[642],[768],[204],[633],[979],[617],[82],[268],[938],[279],[10]
870,[130],[614],[950],[863],[32],[716],[705],[616],[56],[117],[607],[386],[457],[875],[611],[782],[579],[206],[212],[202],[592],[281],[146],[362],[674],[813],[337],[991],[495],[155],[707],[673],[335],[722],[774],[234],[669],[278],[925],[760],[141],[379],[998],[762],[591],[599],[615],[106],[337],[816],[588],[523],[651],[249],[110],[192],[137],[736],[118],[162],[199],[989],[699],[936],[977],[660],[267],[745],[403],[875],[963],[311],[558],[128],[984],[935],[592],[477],[749],[964],[526],[459],[404],[284],[207],[182],[865],[298],[697],[376],[813],[268],[518],[632],[264],[955],[813],[373],[23],[94]
871,[258],[350],[136],[101],[65],[223],[204],[325],[511],[597],[549],[260],[54],[30],[790],[296],[417],[296],[264],[350],[820],[102],[107],[828],[45],[151],[282],[9],[325],[593],[998],[782],[348],[816],[744],[992],[915],[934],[285],[21],[774],[439],[758],[747],[230],[523],[432],[689],[415],[427],[805],[323],[868],[203],[957],[114],[311],[56],[816],[770],[993],[146],[880],[956],[533],[443],[241],[688],[569],[498],[633],[622],[342],[854],[836],[996],[710],[144],[278],[58],[180],[206],[384],[216],[110],[635],[425],[221],[701],[570],[982],[869],[786],[813],[859],[883],[618],[491],[965],[191]
872,[819],[81],[487],[808],[42],[294],[248],[138],[526],[178],[354],[713],[847],[260],[895],[995],[646],[445],[638],[364],[703],[646],[209],[404],[933],[779],[295],[423],[318],[54],[390],[837],[307],[367],[598],[336],[769],[850],[790],[199],[658],[877],[5],[621],[948],[167],[535],[504],[171],[894],[569],[24],[879],[225],[792],[455],[856],[807],[750],[756],[731],[92],[554],[939],[100],[182],[212],[324],[283],[17],[903],[26],[275],[405],[667],[724],[758],[329],[788],[567],[423],[845],[959],[769],[772],[563],[514],[631],[891],[237],[10],[449],[980],[0],[414],[582],[376],[11],[870],[566]
873,[827],[849],[940],[649],[928],[69],[926],[575],[240],[176],[191],[838],[775],[236],[890],[104],[826],[774],[506],[818],[190],[558],[196],[563],[292],[678],[980],[728],[45],[24],[73],[730],[507],[107],[160],[124],[110],[206],[249],[989],[541],[526],[54],[632],[474],[965],[678],[544],[176],[146],[973],[587],[546],[501],[703],[418],[694],[679],[512],[126],[404],[142],[913],[374],[46],[727],[162],[564],[529],[109],[892],[358],[687],[956],[756],[701],[863],[189],[670],[900],[292],[611],[924],[195],[523],[665],[158],[128],[609],[394],[286],[380],[893],[215],[260],[903],[494],[389],[520],[355]
874,[885],[872],[555],[194],[212],[415],[80],[329],[932],[16],[993],[311],[112],[563],[891],[922],[365],[986],[864],[765],[152],[315],[85],[980],[727],[740],[860],[14],[187],[671],[1],[664],[656],[331],[994],[945],[356],[169],[533],[212],[714],[114],[286],[990],[407],[431],[181],[283],[823],[397],[822],[32],[178],[993],[288],[287],[226],[771],[194],[363],[351],[409],[148],[879],[345],[587],[213],[876],[776],[361],[100],[235],[930],[179],[793],[773],[915],[582],[617],[234],[694],[642],[340],[245],[224],[309],[20],[844],[10],[981],[381],[965],[496],[490],[748],[380],[923],[949],[383],[602]
875,[738],[291],[412],[655],[849],[29],[92],[17],[778],[387],[846],[784],[32],[513],[127],[814],[453],[546],[469],[172],[207],[228],[497],[322],[605],[132],[692],[48],[746],[408],[777],[152],[647],[433],[322],[817],[336],[580],[609],[696],[518],[562],[832],[903],[834],[339],[146],[363],[138],[393],[180],[191],[103],[564],[905],[642],[460],[734],[45],[511],[643],[504],[765],[746],[957],[631],[332],[278],[834],[972],[180],[482],[995],[318],[399],[3],[549],[219],[672],[358],[340],[205],[309],[530],[511],[236],[497],[235],[478],[709],[481],[936],[447],[996],[268],[754],[902],[672],[313],[554]
876,[272],[971],[547],[341],[888],[50],[672],[142],[111],[701],[543],[929],[857],[503],[179],[727],[76],[7],[364],[507],[983],[783],[302],[944],[734],[285],[984],[909],[569],[172],[511],[168],[263],[24],[685],[908],[467],[959],[68],[536],[876],[484],[140],[649],[307],[478],[208],[76],[946],[483],[921],[810],[731],[87],[103],[909],[90],[79],[496],[342],[662],[525],[119],[478],[918],[383],[492],[471],[38],[558],[126],[477],[102],[936],[708],[492],[149],[335],[280],[755],[448],[171],[315],[668],[113],[313],[312],[91],[12],[124],[358],[277],[290],[229],[732],[427],[409],[917],[8],[177]
877,[789],[521],[220],[476],[369],[715],[763],[78],[567],[202],[992],[161],[790],[591],[248],[526],[769],[916],[194],[323],[913],[677],[511],[510],[905],[552],[490],[555],[541],[517],[323],[940],[87],[89],[206],[95],[559],[752],[950],[870],[507],[141],[947],[946],[860],[311],[636],[191],[388],[336],[649],[493],[961],[464],[679],[890],[451],[673],[369],[623],[934],[237],[46],[590],[845],[33],[938],[458],[774],[995],[874],[108],[406],[70],[157],[80],[807],[572],[344],[78],[925],[445],[484],[731],[242],[816],[436],[365],[513],[141],[503],[774],[275],[809],[430],[665],[423],[857],[427],[724]
878,[449],[905],[351],[800],[677],[386],[795],[844],[743],[275],[679],[725],[140],[377],[499],[768],[136],[938],[935],[539],[577],[219],[285],[219],[216],[38],[231],[764],[289],[612],[331],[106],[731],[713],[454],[402],[846],[301],[83],[884],[788],[575],[966],[641],[50],[517],[258],[975],[51],[510],[802],[127],[737],[10],[874],[758],[179],[67],[579],[581],[427],[980],[497],[330],[758],[768],[372],[455],[844],[560],[746],[38],[154],[148],[989],[932],[250],[365],[539],[415],[893],[640],[398],[943],[867],[815],[579],[360],[518],[844],[441],[36],[184],[435],[715],[61],[765],[979],[297],[384]
879,[108],[968],[489],[363],[700],[700],[335],[115],[845],[248],[432],[175],[447],[526],[316],[304],[865],[873],[480],[514],[279],[184],[133],[193],[14],[29],[683],[58],[855],[429],[260],[732],[174],[469],[93],[120],[549],[445],[327],[413],[900],[231],[1],[103],[939],[137],[115],[843],[181],[324],[32],[763],[656],[258],[63],[545],[546],[177],[204],[601],[408],[562],[44],[457],[838],[861],[954],[540],[537],[183],[660],[380],[642],[622],[664],[107],[886],[293],[977],[815],[315],[967],[697],[39],[475],[671],[412],[708],[109],[21],[463],[522],[379],[983],[796],[309],[888],[891],[107],[63]
880,[677],[621],[747],[767],[480],[978],[168],[313],[108],[894],[472],[435],[704],[835],[36],[294],[512],[568],[969],[243],[885],[480],[319],[851],[63],[426],[835],[784],[155],[417],[692],[657],[58],[380],[360],[133],[802],[222],[413],[642],[41],[696],[446],[104],[132],[428],[841],[470],[782],[108],[472],[564],[168],[634],[359],[610],[820],[937],[188],[548],[250],[386],[109],[463],[416],[525],[519],[857],[310],[331],[171],[876],[920],[537],[264],[196],[460],[918],[54],[120],[968],[85],[521],[243],[384],[669],[123],[422],[250],[585],[104],[978],[809],[661],[801],[162],[696],[768],[479],[687]
881,[802],[466],[710],[149],[344],[469],[573],[549],[757],[641],[499],[797],[871],[662],[975],[238],[892],[932],[579],[282],[196],[910],[424],[401],[312],[301],[820],[493],[493],[182],[379],[155],[443],[923],[262],[921],[754],[843],[245],[707],[852],[129],[444],[264],[904],[324],[902],[751],[146],[430],[916],[622],[510],[202],[775],[779],[811],[494],[74],[291],[259],[26],[26],[94],[9],[640],[171],[969],[633],[732],[898],[218],[908],[342],[109],[525],[905],[83],[213],[271],[744],[277],[941],[795],[995],[199],[75],[590],[44],[320],[700],[813],[65],[41],[758],[350],[445],[601],[962],[452]
882,[42],[179],[692],[962],[338],[896],[721],[792],[715],[907],[397],[718],[303],[100],[757],[230],[3],[962],[851],[635],[267],[191],[491],[511],[392],[284],[767],[151],[557],[88],[33],[452],[600],[571],[605],[656],[479],[576],[592],[903],[687],[724],[905],[141],[771],[946],[338],[84],[873],[738],[829],[154],[837],[719],[340],[83],[625],[140],[977],[622],[414],[648],[618],[608],[650],[439],[561],[653],[161],[610],[110],[69],[66],[3],[344],[422],[219],[132],[758],[157],[228],[494],[277],[722],[586],[868],[744],[176],[743],[708],[894],[594],[25],[182],[556],[130],[621],[291],[819],[199]
883,[280],[575],[604],[971],[498],[815],[951],[272],[137],[804],[692],[326],[206],[955],[69],[152],[549],[171],[979],[473],[734],[157],[963],[633],[955],[131],[269],[38],[354],[872],[17],[412],[732],[45],[611],[458],[516],[150],[78],[634],[866],[634],[992],[677],[550],[549],[895],[488],[542],[34],[927],[919],[976],[397],[95],[567],[174],[604],[539],[189],[453],[509],[817],[291],[863],[278],[815],[885],[467],[392],[932],[576],[826],[804],[712],[629],[197],[767],[674],[348],[356],[650],[738],[848],[827],[345],[119],[697],[754],[957],[828],[776],[485],[427],[548],[989],[461],[298],[980],[859]
884,[923],[474],[653],[806],[194],[43],[439],[526],[616],[604],[507],[535],[655],[32],[476],[560],[654],[68],[937],[63],[264],[499],[947],[926],[179],[528],[642],[687],[127],[170],[15],[865],[487],[892],[988],[166],[539],[146],[662],[846],[347],[925],[651],[362],[395],[509],[691],[632],[713],[912],[711],[431],[843],[609],[357],[532],[573],[998],[886],[908],[849],[537],[495],[452],[756],[26],[655],[608],[445],[81],[403],[169],[339],[11],[517],[113],[891],[432],[947],[421],[402],[291],[510],[939],[508],[934],[157],[95],[558],[69],[352],[118],[643],[157],[843],[796],[910],[679],[733],[473]
885,[749],[251],[447],[126],[188],[55],[358],[553],[163],[574],[734],[610],[862],[997],[404],[729],[962],[885],[798],[688],[221],[840],[201],[480],[622],[303],[601],[811],[866],[995],[49],[902],[203],[552],[811],[405],[262],[198],[312],[650],[40],[12],[856],[739],[0],[506],[25],[991],[939],[703],[515],[868],[456],[839],[753],[723],[43],[748],[292],[387],[590],[2],[915],[82],[771],[806],[124],[174],[552],[222],[999],[283],[683],[193],[368],[579],[551],[374],[537],[829],[984],[626],[771],[936],[891],[736],[559],[191],[593],[100],[80],[370],[168],[995],[534],[520],[856],[18],[665],[607]
886,[978],[270],[884],[410],[135],[525],[286],[460],[951],[26],[819],[289],[383],[694],[963],[91],[277],[979],[490],[706],[189],[532],[286],[169],[485],[339],[3],[106],[180],[703],[942],[951],[94],[673],[524],[942],[153],[725],[952],[155],[974],[419],[78],[113],[254],[514],[116],[290],[886],[968],[522],[37],[122],[256],[544],[217],[429],[135],[615],[43],[516],[165],[184],[189],[107],[400],[786],[323],[91],[587],[454],[438],[434],[94],[81],[42],[6],[452],[745],[15],[387],[299],[31],[921],[21],[377],[988],[710],[491],[307],[359],[151],[343],[31],[498],[841],[116],[453],[303],[706]
887,[22],[340],[525],[715],[488],[15],[793],[305],[213],[983],[404],[390],[787],[185],[816],[530],[426],[268],[250],[421],[52],[846],[535],[188],[921],[790],[617],[865],[417],[972],[978],[204],[772],[200],[859],[974],[633],[674],[548],[553],[153],[311],[30],[6],[783],[593],[623],[567],[763],[870],[178],[978],[185],[13],[954],[367],[173],[532],[436],[606],[558],[517],[863],[784],[14],[106],[441],[546],[542],[8],[362],[440],[55],[282],[699],[273],[577],[102],[810],[84],[298],[956],[131],[819],[337],[626],[406],[578],[921],[81],[290],[608],[909],[29],[367],[18],[293],[435],[660],[188]
888,[399],[930],[127],[909],[304],[709],[905],[29],[813],[539],[406],[865],[389],[418],[11],[71],[647],[613],[9],[260],[614],[881],[318],[795],[725],[623],[80],[510],[0],[60],[182],[988],[433],[254],[400],[533],[522],[196],[163],[738],[73],[396],[213],[231],[857],[232],[921],[652],[227],[710],[499],[962],[189],[965],[595],[634],[611],[967],[9],[853],[720],[902],[300],[173],[877],[559],[998],[570],[688],[999],[845],[746],[496],[952],[556],[258],[172],[421],[293],[287],[73],[700],[846],[952],[539],[59],[63],[540],[845],[236],[614],[757],[307],[610],[421],[394],[76],[97],[661],[572]
889,[263],[135],[68],[593],[271],[569],[181],[143],[788],[992],[695],[893],[590],[127],[138],[489],[82],[375],[819],[477],[580],[767],[602],[912],[156],[472],[878],[957],[208],[216],[196],[117],[713],[490],[856],[828],[468],[91],[483],[166],[701],[443],[415],[584],[476],[935],[679],[833],[874],[508],[496],[448],[37],[319],[218],[633],[742],[813],[169],[489],[396],[214],[816],[544],[296],[941],[718],[369],[871],[424],[98],[706],[615],[934],[954],[495],[354],[170],[931],[856],[86],[16],[961],[678],[200],[768],[655],[847],[499],[292],[133],[168],[957],[840],[373],[721],[48],[396],[80],[517]
890,[432],[208],[854],[152],[17],[799],[338],[872],[70],[485],[848],[984],[733],[397],[606],[930],[30],[865],[386],[621],[272],[552],[538],[895],[176],[969],[630],[390],[709],[82],[895],[134],[419],[383],[719],[285],[746],[911],[486],[475],[69],[797],[891],[279],[839],[51],[460],[432],[699],[410],[66],[680],[241],[129],[968],[100],[213],[286],[408],[570],[580],[407],[902],[582],[40],[0],[0],[613],[373],[411],[739],[446],[331],[169],[938],[457],[341],[2],[579],[109],[375],[785],[550],[945],[536],[998],[675],[701],[629],[314],[11],[814],[830],[386],[139],[694],[52],[623],[328],[445]
891,[939],[719],[671],[497],[251],[745],[401],[670],[826],[550],[178],[580],[15],[729],[829],[815],[291],[193],[15],[8],[397],[723],[731],[864],[864],[26],[268],[498],[154],[346],[24],[975],[458],[614],[28],[978],[413],[277],[539],[655],[276],[78],[26],[174],[371],[333],[940],[901],[574],[418],[39],[831],[785],[538],[622],[626],[725],[72],[598],[545],[912],[336],[930],[570],[244],[290],[274],[929],[273],[597],[786],[214],[100],[422],[347],[657],[91],[13],[387],[902],[427],[322],[670],[151],[505],[481],[886],[392],[202],[617],[594],[872],[82],[93],[218],[338],[402],[490],[948],[325]
892,[626],[887],[370],[976],[247],[384],[303],[875],[320],[103],[603],[778],[456],[912],[230],[997],[275],[600],[434],[736],[851],[645],[0],[236],[71],[290],[708],[981],[498],[136],[32],[714],[208],[83],[484],[317],[620],[200],[391],[751],[63],[699],[475],[154],[224],[940],[204],[618],[265],[255],[931],[150],[687],[973],[224],[848],[389],[795],[685],[789],[518],[982],[933],[760],[474],[566],[688],[640],[794],[187],[701],[568],[593],[647],[122],[239],[32],[963],[131],[133],[506],[828],[758],[701],[845],[379],[888],[197],[182],[699],[346],[989],[543],[156],[663],[266],[21],[643],[756],[559]
893,[50],[829],[595],[468],[282],[782],[701],[309],[572],[858],[919],[687],[779],[688],[658],[647],[941],[293],[446],[666],[815],[96],[536],[588],[12],[652],[609],[95],[483],[804],[822],[751],[330],[557],[975],[724],[172],[162],[832],[50],[317],[346],[308],[338],[213],[855],[24],[190],[720],[766],[352],[46],[739],[841],[946],[971],[999],[627],[463],[196],[99],[235],[498],[499],[631],[705],[33],[922],[591],[942],[693],[262],[508],[255],[189],[985],[245],[488],[870],[344],[433],[743],[42],[359],[667],[479],[12],[430],[358],[679],[164],[129],[803],[367],[643],[611],[243],[477],[961],[933]
894,[834],[201],[282],[757],[997],[268],[417],[311],[800],[114],[983],[651],[742],[217],[659],[327],[58],[783],[112],[724],[82],[83],[903],[947],[258],[467],[686],[344],[720],[233],[158],[619],[146],[235],[653],[893],[148],[656],[538],[953],[504],[842],[449],[404],[161],[789],[915],[959],[498],[929],[540],[606],[950],[412],[565],[865],[125],[392],[104],[216],[601],[857],[475],[62],[38],[539],[577],[789],[254],[894],[256],[749],[162],[598],[335],[892],[427],[318],[393],[923],[145],[568],[443],[181],[480],[134],[539],[260],[318],[432],[4],[415],[682],[743],[31],[204],[81],[76],[227],[812]
895,[431],[925],[178],[569],[12],[526],[43],[933],[405],[656],[673],[707],[233],[653],[765],[740],[432],[135],[301],[970],[269],[230],[798],[10],[614],[218],[281],[519],[96],[285],[958],[446],[915],[785],[562],[178],[697],[938],[40],[45],[246],[563],[843],[143],[797],[76],[224],[607],[23],[33],[335],[710],[902],[552],[323],[195],[85],[504],[87],[131],[379],[11],[371],[118],[170],[49],[680],[552],[604],[430],[718],[336],[795],[67],[307],[440],[458],[788],[970],[744],[379],[103],[90],[5],[95],[792],[891],[812],[357],[876],[520],[313],[611],[449],[782],[264],[553],[216],[59],[636]
896,[467],[86],[43],[581],[820],[729],[563],[892],[11],[78],[140],[303],[192],[337],[883],[269],[950],[79],[711],[27],[304],[55],[215],[542],[543],[100],[672],[311],[675],[637],[134],[99],[183],[993],[474],[594],[87],[216],[45],[748],[616],[828],[964],[951],[330],[754],[816],[105],[78],[571],[368],[683],[75],[448],[410],[227],[734],[992],[532],[402],[649],[274],[819],[482],[440],[462],[538],[360],[51],[249],[790],[932],[597],[132],[526],[142],[68],[882],[316],[962],[136],[387],[273],[999],[311],[468],[953],[172],[351],[888],[341],[810],[713],[342],[425],[257],[672],[875],[793],[467]
897,[838],[155],[269],[754],[86],[117],[280],[956],[274],[479],[160],[167],[439],[755],[643],[68],[177],[537],[703],[816],[105],[32],[158],[124],[215],[461],[978],[615],[604],[343],[668],[764],[200],[8],[952],[922],[131],[891],[967],[522],[247],[386],[762],[248],[689],[817],[811],[696],[417],[400],[407],[809],[933],[118],[553],[143],[908],[310],[961],[229],[435],[890],[598],[178],[575],[830],[316],[144],[980],[654],[472],[189],[634],[762],[473],[60],[263],[39],[816],[281],[111],[52],[705],[773],[757],[818],[188],[330],[95],[409],[896],[615],[799],[462],[300],[236],[971],[596],[515],[246]
898,[78],[754],[111],[234],[775],[506],[370],[869],[816],[517],[727],[828],[128],[684],[167],[535],[127],[647],[532],[868],[777],[871],[822],[924],[75],[379],[101],[917],[133],[794],[160],[557],[407],[776],[612],[427],[900],[801],[803],[158],[442],[979],[578],[289],[623],[832],[950],[302],[17],[754],[80],[271],[358],[929],[229],[708],[180],[166],[749],[626],[608],[249],[230],[492],[946],[707],[759],[115],[536],[266],[974],[567],[178],[239],[196],[65],[279],[950],[599],[570],[4],[395],[469],[17],[72],[209],[168],[675],[565],[816],[535],[18],[139],[360],[303],[256],[27],[405],[93],[297]
899,[506],[348],[452],[145],[278],[361],[859],[798],[477],[44],[567],[801],[331],[438],[911],[794],[44],[478],[477],[537],[694],[979],[220],[540],[681],[447],[212],[281],[189],[304],[148],[319],[899],[275],[46],[558],[364],[448],[334],[312],[485],[271],[420],[710],[130],[37],[361],[280],[233],[340],[988],[959],[492],[199],[313],[512],[585],[212],[476],[487],[526],[954],[406],[394],[41],[225],[830],[767],[500],[246],[906],[367],[515],[109],[311],[51],[118],[32],[562],[898],[709],[21],[5],[576],[701],[162],[86],[119],[91],[504],[207],[158],[535],[241],[499],[389],[331],[443],[474],[700]
900,[997],[895],[700],[110],[370],[939],[943],[64],[597],[623],[326],[491],[496],[16],[795],[914],[203],[853],[172],[117],[422],[812],[554],[321],[633],[466],[45],[748],[420],[680],[526],[419],[644],[943],[120],[408],[696],[543],[23],[112],[688],[585],[484],[669],[209],[638],[935],[742],[651],[927],[33],[69],[71],[936],[665],[144],[264],[32],[943],[47],[617],[765],[972],[744],[473],[901],[242],[79],[764],[476],[316],[77],[845],[618],[95],[7],[85],[674],[717],[23],[509],[484],[6],[480],[584],[716],[990],[271],[501],[303],[699],[113],[982],[960],[929],[913],[576],[457],[187],[496]
901,[682],[232],[790],[531],[924],[52],[475],[486],[155],[283],[330],[515],[361],[671],[699],[755],[554],[476],[539],[487],[671],[500],[840],[176],[507],[935],[320],[1],[207],[717],[877],[219],[546],[355],[122],[18],[104],[194],[176],[376],[955],[957],[619],[851],[374],[3],[546],[732],[552],[606],[492],[720],[664],[36],[770],[614],[432],[654],[955],[515],[169],[675],[418],[775],[680],[675],[588],[933],[54],[792],[299],[784],[158],[46],[925],[597],[451],[644],[965],[731],[918],[186],[477],[505],[328],[403],[127],[553],[684],[111],[188],[673],[246],[164],[834],[439],[874],[181],[163],[37]
902,[208],[253],[65],[447],[300],[972],[478],[478],[39],[11],[835],[621],[506],[907],[556],[402],[849],[240],[803],[873],[838],[126],[314],[168],[720],[89],[9],[842],[750],[256],[833],[725],[901],[278],[754],[497],[505],[862],[619],[524],[728],[118],[543],[889],[911],[635],[550],[201],[537],[5],[895],[557],[322],[761],[532],[970],[603],[231],[654],[658],[318],[959],[601],[683],[554],[491],[282],[854],[489],[527],[113],[604],[147],[568],[972],[943],[235],[59],[29],[396],[966],[721],[706],[303],[575],[335],[523],[641],[753],[145],[0],[581],[634],[689],[891],[794],[452],[317],[330],[44]
903,[822],[457],[806],[33],[569],[303],[19],[176],[847],[33],[786],[124],[450],[47],[150],[759],[729],[744],[645],[211],[921],[149],[839],[367],[336],[509],[711],[497],[894],[931],[404],[338],[898],[591],[171],[326],[574],[454],[688],[161],[382],[918],[885],[944],[708],[111],[236],[477],[584],[492],[683],[385],[749],[557],[921],[506],[96],[731],[525],[717],[66],[907],[444],[849],[577],[792],[547],[65],[827],[750],[962],[391],[373],[456],[767],[91],[436],[805],[533],[88],[903],[11],[478],[579],[522],[571],[709],[503],[67],[483],[304],[120],[959],[623],[461],[399],[583],[253],[191],[730]
904,[977],[285],[863],[224],[699],[495],[863],[874],[494],[710],[462],[232],[777],[723],[571],[440],[469],[216],[785],[650],[510],[420],[522],[752],[262],[791],[493],[713],[532],[857],[265],[391],[452],[100],[815],[48],[476],[665],[50],[605],[532],[216],[674],[628],[894],[494],[69],[276],[461],[553],[341],[977],[675],[735],[822],[910],[837],[802],[760],[762],[751],[172],[310],[3],[693],[29],[77],[747],[690],[28],[289],[611],[153],[237],[898],[49],[72],[719],[212],[279],[444],[414],[201],[585],[741],[641],[508],[853],[456],[14],[122],[439],[119],[507],[417],[986],[946],[508],[463],[947]
905,[794],[210],[39],[201],[225],[80],[209],[902],[309],[692],[33],[463],[783],[709],[640],[987],[972],[947],[890],[817],[869],[822],[542],[847],[909],[687],[610],[649],[259],[738],[284],[694],[860],[338],[518],[302],[341],[714],[607],[482],[143],[176],[854],[824],[301],[498],[441],[628],[858],[777],[150],[987],[161],[601],[930],[553],[850],[962],[580],[558],[51],[572],[662],[152],[346],[810],[259],[639],[554],[189],[602],[897],[944],[786],[505],[227],[986],[413],[432],[667],[384],[67],[984],[382],[823],[613],[8],[725],[985],[391],[539],[880],[663],[814],[845],[9],[60],[48],[752],[385]
906,[515],[854],[70],[439],[766],[192],[26],[485],[344],[174],[663],[256],[712],[625],[566],[115],[578],[120],[607],[130],[758],[680],[967],[708],[470],[451],[729],[993],[291],[817],[515],[345],[343],[415],[848],[987],[493],[105],[477],[78],[225],[192],[820],[871],[578],[780],[577],[700],[718],[495],[30],[142],[18],[741],[396],[980],[212],[506],[46],[784],[431],[385],[869],[877],[719],[543],[732],[306],[463],[632],[380],[231],[992],[171],[185],[974],[635],[834],[523],[471],[908],[235],[47],[631],[327],[121],[618],[666],[474],[44],[654],[539],[364],[331],[759],[64],[194],[329],[176],[169]
907,[529],[92],[834],[746],[597],[738],[423],[965],[295],[773],[725],[567],[688],[583],[609],[628],[712],[845],[196],[995],[453],[997],[43],[953],[516],[343],[73],[794],[395],[866],[434],[154],[84],[975],[579],[250],[910],[123],[308],[614],[816],[295],[726],[503],[638],[78],[152],[999],[118],[618],[677],[643],[39],[889],[24],[694],[980],[652],[484],[846],[262],[518],[196],[191],[393],[776],[976],[698],[464],[787],[268],[950],[909],[484],[730],[92],[7],[547],[472],[315],[471],[800],[174],[210],[809],[632],[257],[463],[709],[644],[282],[21],[442],[974],[955],[569],[564],[448],[317],[696]
908,[346],[269],[574],[587],[968],[243],[929],[818],[279],[134],[118],[653],[11],[661],[73],[722],[860],[200],[603],[87],[450],[113],[407],[120],[675],[727],[114],[143],[169],[287],[107],[595],[204],[662],[346],[963],[524],[27],[901],[94],[447],[359],[486],[960],[293],[62],[635],[815],[547],[81],[97],[14],[965],[994],[861],[940],[766],[994],[577],[268],[64],[481],[170],[881],[327],[160],[752],[650],[333],[277],[230],[852],[656],[466],[962],[309],[73],[851],[576],[950],[154],[60],[393],[581],[783],[44],[777],[361],[323],[18],[972],[281],[386],[693],[121],[48],[664],[816],[74],[201]
909,[90],[955],[3],[660],[238],[611],[387],[338],[488],[456],[951],[368],[524],[175],[413],[658],[603],[220],[81],[447],[754],[734],[946],[758],[654],[440],[965],[90],[724],[369],[20],[605],[729],[600],[365],[625],[858],[158],[468],[723],[993],[428],[14],[316],[915],[671],[540],[874],[602],[933],[682],[194],[993],[64],[454],[687],[276],[886],[342],[431],[187],[697],[970],[400],[608],[946],[919],[763],[76],[242],[311],[193],[491],[136],[486],[831],[883],[817],[988],[564],[457],[136],[330],[705],[405],[729],[955],[778],[784],[597],[326],[19],[727],[208],[230],[145],[733],[586],[193],[684]
910,[715],[784],[217],[407],[745],[787],[879],[766],[987],[171],[307],[357],[538],[844],[484],[278],[154],[125],[290],[251],[409],[564],[888],[844],[591],[745],[743],[778],[115],[976],[403],[736],[48],[593],[463],[971],[893],[961],[860],[271],[604],[433],[532],[931],[91],[330],[318],[673],[335],[612],[57],[730],[511],[728],[113],[744],[106],[845],[251],[499],[365],[990],[494],[236],[169],[867],[553],[970],[133],[842],[760],[154],[132],[4],[796],[325],[693],[854],[435],[607],[453],[112],[183],[484],[371],[386],[345],[896],[200],[898],[561],[476],[110],[544],[107],[960],[281],[203],[854],[586]
911,[588],[344],[890],[150],[779],[930],[582],[572],[534],[968],[441],[267],[24],[576],[813],[207],[218],[609],[464],[590],[542],[68],[419],[498],[411],[17],[125],[645],[596],[978],[680],[752],[354],[328],[656],[39],[297],[467],[903],[44],[593],[504],[264],[955],[580],[69],[788],[123],[775],[456],[639],[884],[905],[691],[610],[180],[79],[352],[265],[807],[987],[542],[288],[32],[131],[842],[138],[112],[912],[943],[607],[37],[762],[612],[253],[164],[512],[22],[123],[457],[239],[467],[438],[963],[26],[933],[374],[820],[956],[122],[209],[31],[612],[890],[889],[584],[426],[362],[448],[535]
912,[734],[551],[978],[738],[856],[178],[386],[561],[484],[54],[319],[349],[264],[931],[19],[472],[863],[384],[567],[629],[40],[121],[767],[936],[530],[621],[865],[296],[871],[441],[743],[364],[12],[356],[501],[862],[361],[779],[910],[572],[43],[471],[755],[75],[750],[989],[363],[193],[283],[905],[760],[793],[273],[588],[693],[86],[893],[712],[703],[422],[87],[68],[777],[150],[953],[258],[269],[566],[759],[282],[887],[62],[354],[809],[361],[342],[79],[838],[110],[722],[897],[323],[917],[613],[611],[254],[142],[901],[108],[845],[549],[87],[344],[638],[861],[524],[968],[970],[864],[428]
913,[314],[368],[721],[657],[500],[456],[100],[465],[294],[228],[114],[734],[183],[483],[652],[599],[39],[270],[411],[636],[558],[630],[689],[531],[527],[496],[96],[576],[156],[201],[795],[842],[624],[969],[560],[616],[819],[361],[279],[233],[204],[104],[349],[79],[142],[576],[729],[664],[483],[821],[415],[799],[836],[608],[332],[796],[581],[571],[870],[911],[442],[781],[962],[103],[573],[979],[131],[736],[530],[322],[16],[955],[922],[143],[273],[452],[663],[734],[742],[634],[734],[143],[879],[913],[878],[315],[464],[322],[741],[694],[63],[11],[519],[721],[818],[311],[470],[539],[911],[941]
914,[310],[739],[575],[691],[375],[241],[289],[558],[268],[545],[691],[505],[226],[679],[792],[600],[522],[764],[678],[195],[375],[711],[781],[403],[712],[445],[971],[29],[714],[447],[385],[122],[758],[706],[998],[164],[418],[770],[167],[464],[101],[425],[722],[301],[806],[900],[108],[984],[117],[17],[196],[930],[66],[253],[184],[741],[390],[826],[650],[578],[653],[132],[907],[548],[310],[772],[542],[577],[665],[564],[549],[500],[499],[390],[404],[819],[477],[789],[588],[296],[792],[18],[286],[883],[426],[762],[469],[68],[651],[132],[753],[156],[318],[823],[973],[855],[764],[899],[332],[834]
915,[200],[315],[718],[172],[99],[296],[858],[816],[248],[162],[325],[475],[508],[162],[40],[827],[41],[366],[859],[566],[49],[386],[955],[825],[146],[981],[937],[86],[952],[493],[402],[440],[849],[1],[166],[906],[814],[184],[448],[816],[264],[851],[110],[624],[151],[366],[231],[396],[296],[740],[488],[935],[222],[597],[57],[750],[501],[784],[888],[897],[846],[169],[134],[100],[385],[34],[979],[599],[876],[739],[493],[273],[90],[575],[675],[33],[243],[974],[327],[680],[910],[949],[751],[824],[247],[402],[926],[982],[540],[681],[871],[536],[206],[165],[468],[957],[254],[974],[470],[735]
916,[635],[256],[830],[994],[284],[473],[866],[881],[417],[368],[721],[493],[68],[229],[447],[762],[466],[11],[136],[114],[693],[950],[993],[730],[245],[923],[316],[141],[787],[104],[816],[40],[971],[734],[368],[506],[616],[251],[21],[528],[184],[462],[187],[495],[528],[782],[447],[824],[376],[644],[585],[30],[216],[693],[475],[285],[372],[368],[632],[321],[362],[403],[803],[638],[51],[920],[498],[214],[330],[155],[57],[444],[243],[7],[538],[433],[606],[420],[915],[123],[108],[78],[428],[496],[889],[235],[917],[495],[258],[66],[232],[318],[170],[173],[151],[737],[771],[138],[725],[449]
917,[768],[826],[859],[226],[18],[319],[327],[678],[767],[359],[483],[345],[63],[787],[884],[156],[64],[691],[811],[44],[612],[978],[19],[81],[412],[92],[968],[790],[397],[279],[443],[816],[248],[206],[926],[201],[920],[488],[454],[573],[916],[947],[211],[442],[255],[233],[223],[784],[811],[89],[338],[260],[657],[890],[837],[202],[570],[362],[468],[353],[229],[660],[389],[500],[485],[450],[881],[384],[790],[911],[26],[767],[839],[27],[753],[712],[732],[964],[501],[683],[795],[406],[615],[898],[779],[925],[331],[850],[213],[984],[175],[16],[659],[795],[547],[415],[978],[393],[688],[429]
918,[545],[549],[467],[402],[36],[622],[985],[308],[302],[302],[264],[112],[563],[990],[576],[712],[617],[438],[902],[638],[805],[989],[180],[381],[184],[556],[813],[338],[799],[549],[637],[166],[25],[336],[255],[926],[447],[436],[924],[236],[18],[569],[300],[410],[199],[632],[251],[130],[31],[403],[482],[115],[587],[879],[828],[643],[188],[238],[648],[33],[200],[258],[785],[603],[667],[781],[612],[980],[976],[468],[653],[825],[651],[856],[978],[694],[507],[738],[914],[617],[463],[316],[262],[146],[897],[677],[738],[180],[232],[215],[517],[807],[389],[977],[363],[919],[631],[909],[804],[848]
919,[452],[54],[929],[43],[659],[518],[394],[637],[325],[86],[379],[552],[755],[628],[917],[575],[721],[984],[5],[568],[866],[173],[235],[371],[878],[309],[271],[657],[401],[163],[474],[160],[719],[959],[422],[965],[222],[699],[527],[367],[420],[601],[931],[896],[342],[883],[777],[258],[386],[215],[899],[750],[7],[587],[681],[97],[681],[591],[136],[688],[372],[185],[696],[740],[320],[771],[15],[862],[875],[122],[153],[427],[714],[859],[658],[407],[484],[504],[248],[342],[833],[213],[557],[286],[260],[646],[323],[774],[917],[685],[949],[210],[88],[286],[639],[941],[185],[897],[327],[125]
920,[502],[505],[661],[851],[664],[170],[817],[292],[518],[61],[139],[731],[156],[11],[122],[497],[296],[430],[266],[428],[584],[247],[782],[998],[46],[288],[227],[689],[419],[28],[269],[311],[166],[377],[33],[308],[198],[292],[376],[728],[15],[802],[303],[462],[847],[667],[117],[88],[878],[899],[746],[552],[701],[206],[638],[981],[788],[302],[946],[576],[291],[594],[34],[699],[825],[542],[537],[567],[472],[178],[676],[579],[916],[258],[612],[83],[126],[770],[333],[336],[202],[714],[865],[203],[118],[129],[860],[453],[548],[554],[226],[718],[515],[171],[275],[164],[967],[983],[501],[422]
921,[531],[381],[324],[919],[517],[708],[424],[611],[69],[838],[708],[662],[745],[95],[623],[449],[704],[663],[362],[123],[539],[481],[117],[95],[950],[578],[667],[481],[463],[590],[947],[867],[789],[608],[35],[215],[434],[881],[568],[321],[887],[388],[780],[397],[972],[884],[268],[167],[365],[971],[688],[791],[831],[659],[649],[184],[974],[643],[327],[537],[692],[694],[580],[264],[796],[215],[5],[95],[380],[470],[643],[589],[672],[304],[686],[738],[345],[106],[451],[400],[183],[496],[851],[567],[19],[550],[145],[685],[330],[590],[410],[812],[599],[972],[589],[722],[147],[207],[31],[929]
922,[473],[643],[975],[360],[333],[684],[133],[568],[164],[278],[316],[90],[992],[154],[999],[76],[696],[244],[115],[890],[353],[863],[175],[374],[217],[746],[305],[433],[754],[632],[247],[223],[662],[796],[350],[544],[49],[470],[284],[615],[222],[755],[538],[232],[867],[988],[237],[57],[519],[281],[411],[538],[339],[327],[830],[742],[181],[615],[95],[932],[718],[803],[619],[382],[157],[799],[206],[652],[915],[243],[259],[620],[533],[887],[783],[669],[524],[657],[349],[796],[389],[822],[808],[891],[114],[473],[821],[545],[147],[490],[98],[338],[109],[628],[897],[610],[598],[826],[865],[85]
923,[141],[221],[689],[730],[439],[524],[70],[318],[422],[571],[881],[919],[272],[143],[746],[363],[379],[767],[597],[280],[826],[628],[270],[270],[365],[135],[769],[643],[875],[382],[30],[2],[245],[688],[976],[746],[686],[399],[509],[949],[899],[912],[739],[447],[377],[957],[245],[681],[489],[590],[130],[318],[425],[262],[487],[678],[347],[405],[959],[204],[974],[401],[702],[676],[58],[185],[120],[513],[13],[480],[966],[654],[312],[404],[487],[160],[654],[525],[371],[789],[83],[830],[163],[51],[153],[947],[69],[33],[690],[669],[479],[255],[657],[759],[195],[158],[96],[133],[81],[114]
924,[188],[379],[315],[206],[710],[478],[89],[662],[992],[37],[609],[205],[923],[307],[978],[685],[949],[508],[915],[21],[456],[261],[81],[550],[710],[608],[170],[370],[470],[411],[769],[393],[642],[651],[181],[208],[966],[11],[123],[127],[348],[552],[253],[928],[563],[928],[499],[950],[828],[200],[571],[823],[324],[642],[662],[997],[994],[945],[864],[991],[957],[760],[597],[572],[150],[406],[738],[940],[19],[469],[138],[139],[364],[869],[396],[705],[330],[223],[360],[484],[609],[746],[908],[519],[502],[500],[561],[117],[959],[538],[829],[79],[293],[436],[280],[320],[168],[996],[432],[92]
925,[484],[771],[914],[760],[198],[282],[509],[771],[29],[726],[56],[264],[67],[181],[817],[66],[632],[435],[147],[441],[652],[858],[223],[35],[2],[615],[834],[769],[693],[324],[722],[230],[967],[645],[644],[700],[163],[819],[900],[324],[863],[522],[839],[327],[756],[766],[369],[48],[705],[645],[510],[563],[620],[621],[337],[420],[773],[156],[493],[718],[335],[952],[299],[587],[199],[619],[755],[410],[335],[929],[900],[265],[653],[449],[465],[208],[599],[725],[615],[284],[172],[925],[500],[650],[676],[283],[430],[399],[479],[340],[409],[212],[78],[634],[614],[472],[541],[565],[137],[308]
926,[197],[666],[341],[42],[633],[9],[173],[241],[549],[410],[765],[481],[406],[211],[26],[15],[459],[313],[150],[425],[997],[857],[978],[704],[118],[596],[369],[187],[468],[933],[99],[83],[391],[87],[273],[863],[670],[827],[440],[821],[195],[130],[139],[194],[533],[375],[253],[331],[324],[298],[18],[53],[512],[984],[449],[169],[320],[23],[78],[49],[347],[863],[929],[806],[332],[691],[416],[85],[497],[251],[885],[522],[422],[87],[553],[591],[765],[576],[894],[102],[637],[65],[369],[655],[75],[780],[53],[12],[596],[703],[279],[940],[849],[290],[335],[997],[139],[526],[605],[971]
927,[147],[87],[292],[371],[793],[850],[806],[172],[256],[220],[974],[134],[95],[205],[646],[458],[727],[440],[458],[803],[104],[920],[671],[769],[630],[707],[225],[501],[620],[3],[776],[335],[478],[584],[773],[726],[149],[533],[943],[783],[905],[704],[641],[570],[259],[727],[716],[649],[704],[199],[469],[814],[580],[969],[660],[389],[159],[415],[842],[448],[708],[494],[924],[969],[471],[40],[530],[222],[547],[145],[351],[236],[761],[813],[26],[517],[926],[449],[365],[42],[103],[933],[513],[168],[147],[23],[209],[372],[195],[143],[694],[233],[852],[715],[711],[342],[890],[351],[391],[503]
928,[685],[857],[343],[858],[129],[779],[25],[206],[77],[975],[95],[408],[357],[27],[781],[904],[771],[131],[610],[460],[490],[795],[780],[377],[399],[762],[354],[872],[982],[529],[560],[852],[751],[978],[232],[343],[481],[782],[637],[692],[295],[268],[596],[650],[647],[725],[442],[437],[156],[366],[867],[254],[471],[175],[814],[128],[620],[557],[755],[200],[968],[440],[438],[987],[84],[827],[896],[890],[968],[934],[782],[305],[460],[579],[707],[453],[201],[899],[202],[409],[856],[894],[990],[896],[690],[907],[737],[824],[59],[836],[47],[591],[151],[712],[739],[804],[419],[901],[672],[12]
929,[702],[939],[971],[394],[510],[833],[679],[987],[222],[816],[959],[247],[160],[484],[347],[601],[563],[675],[521],[648],[402],[992],[136],[935],[293],[860],[798],[630],[385],[451],[207],[263],[498],[515],[143],[838],[385],[829],[875],[546],[396],[227],[795],[732],[365],[986],[991],[760],[520],[978],[951],[104],[450],[824],[664],[719],[218],[74],[401],[531],[997],[10],[679],[862],[523],[794],[888],[785],[357],[360],[788],[210],[855],[583],[776],[753],[497],[367],[682],[367],[538],[652],[93],[544],[692],[741],[213],[449],[579],[878],[370],[444],[802],[909],[225],[638],[626],[854],[72],[192]
930,[647],[923],[78],[344],[70],[963],[604],[330],[489],[421],[2],[595],[38],[419],[198],[463],[541],[449],[737],[402],[252],[697],[611],[617],[831],[704],[612],[399],[526],[509],[791],[140],[759],[322],[966],[508],[943],[371],[271],[38],[966],[18],[644],[377],[887],[857],[579],[630],[909],[640],[305],[269],[592],[107],[876],[762],[127],[835],[620],[945],[124],[679],[992],[322],[842],[430],[231],[976],[473],[521],[822],[206],[79],[31],[85],[384],[648],[935],[139],[245],[717],[120],[584],[726],[399],[215],[117],[264],[542],[478],[436],[402],[80],[483],[773],[775],[134],[25],[892],[48]
931,[914],[489],[454],[520],[428],[204],[747],[745],[867],[670],[466],[915],[665],[535],[231],[414],[747],[173],[740],[822],[636],[652],[331],[816],[341],[310],[189],[88],[810],[286],[438],[221],[745],[896],[340],[457],[293],[303],[512],[229],[893],[329],[319],[318],[42],[380],[169],[147],[113],[123],[952],[417],[254],[848],[145],[666],[904],[161],[235],[346],[167],[29],[459],[424],[299],[374],[860],[25],[616],[167],[188],[790],[229],[321],[118],[848],[180],[68],[975],[477],[841],[29],[854],[347],[474],[852],[250],[492],[973],[168],[72],[273],[932],[148],[789],[935],[892],[853],[751],[905]
932,[648],[877],[38],[512],[46],[685],[743],[560],[805],[102],[619],[994],[996],[830],[31],[529],[193],[396],[660],[863],[755],[648],[564],[16],[3],[329],[34],[444],[297],[833],[622],[569],[226],[3],[135],[191],[753],[587],[217],[844],[609],[677],[130],[466],[895],[109],[737],[152],[478],[873],[312],[491],[984],[654],[825],[636],[223],[343],[338],[493],[456],[5],[284],[396],[302],[885],[751],[134],[248],[663],[719],[81],[943],[616],[41],[552],[957],[662],[282],[844],[850],[963],[814],[214],[214],[151],[779],[296],[667],[886],[364],[215],[303],[496],[474],[983],[59],[935],[42],[717]
933,[120],[363],[839],[457],[255],[674],[844],[815],[345],[562],[554],[842],[919],[921],[976],[880],[965],[515],[947],[727],[769],[125],[445],[848],[685],[829],[209],[749],[10],[551],[45],[995],[666],[503],[42],[866],[546],[274],[482],[79],[548],[76],[354],[589],[48],[729],[269],[171],[215],[82],[43],[836],[659],[951],[667],[578],[848],[132],[656],[814],[977],[532],[920],[586],[217],[935],[105],[143],[69],[420],[806],[614],[691],[929],[90],[976],[282],[618],[787],[199],[488],[554],[616],[197],[482],[344],[507],[856],[914],[562],[587],[618],[791],[558],[921],[622],[933],[642],[809],[603]
934,[161],[121],[383],[471],[841],[181],[776],[640],[806],[613],[541],[49],[55],[480],[284],[353],[925],[538],[584],[663],[605],[86],[264],[569],[243],[539],[837],[145],[165],[782],[153],[378],[157],[920],[76],[443],[323],[22],[186],[150],[980],[593],[442],[448],[608],[897],[985],[555],[941],[345],[890],[939],[677],[7],[99],[212],[444],[252],[513],[68],[502],[337],[845],[74],[275],[829],[314],[583],[588],[239],[865],[565],[792],[982],[172],[122],[624],[12],[447],[274],[981],[621],[948],[189],[507],[594],[176],[370],[967],[477],[995],[355],[356],[771],[388],[294],[699],[429],[933],[751]
935,[342],[238],[897],[10],[426],[579],[29],[953],[974],[233],[391],[310],[489],[210],[391],[516],[501],[14],[257],[558],[836],[414],[448],[586],[922],[210],[431],[50],[942],[535],[899],[781],[113],[801],[511],[577],[895],[514],[453],[39],[274],[738],[665],[557],[385],[447],[828],[32],[926],[858],[941],[179],[330],[547],[253],[616],[941],[862],[33],[4],[940],[287],[614],[847],[464],[527],[279],[445],[201],[74],[603],[871],[305],[131],[256],[687],[356],[550],[677],[685],[638],[547],[622],[676],[592],[231],[811],[9],[949],[159],[420],[34],[3],[889],[190],[653],[581],[230],[86],[621]
936,[597],[236],[26],[248],[207],[328],[782],[744],[86],[676],[807],[328],[368],[995],[502],[940],[661],[509],[125],[762],[551],[152],[531],[896],[307],[953],[267],[606],[948],[144],[494],[354],[608],[510],[297],[350],[337],[593],[147],[157],[795],[805],[360],[96],[208],[573],[341],[453],[698],[934],[838],[728],[130],[231],[934],[464],[138],[906],[995],[206],[352],[867],[472],[521],[813],[373],[945],[861],[693],[962],[66],[977],[440],[959],[734],[942],[488],[386],[457],[736],[36],[794],[492],[14],[178],[776],[519],[212],[624],[611],[491],[977],[848],[420],[272],[795],[599],[6],[814],[839]
937,[57],[561],[393],[530],[665],[803],[862],[348],[204],[8],[996],[2],[997],[85],[430],[277],[393],[794],[852],[623],[791],[924],[715],[688],[343],[877],[728],[142],[791],[712],[382],[798],[326],[583],[118],[874],[11],[853],[522],[894],[527],[33],[953],[842],[973],[75],[685],[324],[235],[936],[31],[899],[859],[92],[167],[385],[219],[786],[234],[541],[893],[406],[543],[299],[916],[950],[411],[146],[631],[306],[498],[432],[968],[822],[430],[28],[505],[276],[211],[6],[700],[556],[135],[444],[529],[224],[0],[841],[50],[377],[150],[468],[683],[301],[664],[601],[123],[794],[745],[716]
938,[972],[681],[967],[725],[53],[928],[179],[972],[363],[619],[321],[466],[608],[410],[722],[443],[807],[343],[140],[565],[37],[636],[160],[245],[919],[948],[625],[884],[510],[774],[697],[931],[756],[641],[242],[696],[679],[561],[696],[447],[354],[867],[555],[660],[39],[947],[760],[173],[500],[227],[685],[942],[504],[961],[278],[101],[853],[553],[494],[698],[368],[184],[534],[375],[566],[881],[733],[375],[345],[35],[20],[144],[67],[818],[934],[224],[415],[703],[389],[843],[972],[335],[358],[662],[874],[398],[64],[50],[329],[471],[398],[191],[460],[905],[324],[574],[640],[959],[300],[287]
939,[306],[986],[960],[259],[824],[955],[725],[170],[289],[922],[633],[30],[444],[441],[425],[793],[235],[715],[846],[956],[498],[623],[823],[73],[641],[756],[657],[269],[268],[367],[389],[112],[993],[946],[372],[324],[450],[239],[352],[516],[27],[577],[959],[827],[542],[982],[569],[379],[375],[523],[832],[891],[55],[424],[680],[265],[547],[721],[908],[260],[832],[358],[210],[358],[615],[22],[399],[21],[991],[568],[427],[836],[802],[377],[280],[764],[845],[624],[543],[819],[749],[181],[957],[988],[710],[923],[723],[643],[791],[523],[48],[475],[228],[848],[0],[489],[566],[371],[144],[321]
940,[730],[546],[578],[477],[755],[429],[857],[622],[880],[914],[539],[753],[846],[409],[907],[702],[59],[439],[536],[606],[175],[965],[206],[479],[41],[925],[974],[157],[158],[951],[452],[617],[338],[77],[640],[272],[406],[789],[998],[184],[956],[26],[741],[193],[191],[372],[617],[811],[623],[278],[147],[181],[662],[415],[566],[166],[913],[792],[553],[813],[289],[341],[372],[941],[420],[88],[479],[71],[174],[778],[810],[587],[628],[215],[93],[361],[459],[518],[65],[616],[101],[199],[3],[73],[454],[64],[190],[141],[450],[183],[742],[48],[561],[260],[779],[720],[532],[916],[465],[865]
941,[123],[189],[141],[769],[688],[381],[512],[536],[2],[813],[880],[611],[723],[497],[919],[272],[910],[5],[398],[26],[14],[721],[430],[849],[883],[701],[675],[315],[233],[255],[229],[894],[518],[866],[531],[476],[312],[875],[86],[480],[493],[556],[648],[930],[153],[437],[88],[507],[151],[627],[357],[160],[344],[184],[924],[223],[812],[543],[624],[76],[504],[226],[723],[915],[52],[270],[756],[347],[522],[141],[929],[657],[829],[488],[904],[914],[651],[668],[232],[242],[655],[66],[565],[861],[389],[85],[446],[414],[359],[190],[298],[65],[373],[834],[182],[573],[900],[581],[204],[743]
942,[873],[311],[662],[434],[509],[990],[641],[543],[149],[378],[125],[819],[305],[850],[734],[751],[318],[901],[335],[193],[735],[297],[237],[792],[943],[894],[993],[402],[994],[955],[200],[110],[953],[861],[671],[669],[908],[518],[913],[966],[294],[735],[608],[803],[587],[830],[524],[23],[271],[573],[447],[615],[184],[612],[761],[690],[524],[599],[866],[983],[620],[323],[655],[575],[322],[490],[644],[758],[910],[338],[63],[724],[928],[479],[463],[647],[379],[31],[796],[997],[5],[931],[767],[707],[987],[832],[222],[971],[633],[527],[236],[740],[216],[860],[206],[291],[649],[168],[997],[832]
943,[548],[678],[359],[36],[382],[0],[773],[715],[160],[234],[625],[669],[976],[722],[526],[95],[878],[261],[675],[367],[607],[453],[551],[587],[150],[599],[725],[684],[319],[650],[901],[794],[989],[456],[842],[450],[827],[364],[756],[786],[237],[544],[118],[834],[174],[538],[887],[888],[966],[689],[123],[553],[975],[189],[807],[898],[263],[547],[34],[691],[383],[825],[664],[511],[746],[604],[736],[843],[428],[820],[954],[716],[492],[489],[845],[948],[816],[802],[826],[745],[500],[424],[642],[958],[234],[490],[219],[562],[715],[83],[591],[342],[714],[614],[683],[978],[56],[44],[95],[314]
944,[882],[401],[976],[788],[917],[405],[36],[15],[183],[320],[402],[28],[327],[460],[847],[874],[881],[44],[795],[896],[967],[154],[2],[565],[313],[39],[485],[759],[316],[515],[523],[857],[67],[790],[443],[536],[639],[426],[412],[438],[123],[163],[586],[756],[964],[746],[20],[908],[801],[28],[214],[848],[552],[751],[405],[229],[806],[437],[825],[978],[962],[66],[681],[999],[88],[268],[383],[60],[608],[955],[600],[245],[718],[398],[300],[416],[681],[846],[651],[956],[722],[987],[607],[18],[982],[789],[591],[653],[554],[551],[109],[546],[613],[807],[989],[495],[190],[754],[880],[990]
945,[547],[799],[554],[313],[394],[917],[972],[597],[760],[588],[306],[39],[461],[262],[969],[679],[529],[149],[35],[256],[949],[301],[653],[827],[78],[824],[19],[194],[369],[625],[579],[96],[734],[968],[27],[860],[52],[970],[496],[49],[469],[901],[40],[479],[99],[521],[360],[257],[954],[935],[435],[521],[474],[813],[613],[322],[696],[567],[604],[48],[325],[309],[899],[212],[502],[899],[632],[824],[42],[283],[901],[509],[493],[18],[854],[526],[321],[994],[720],[49],[176],[718],[647],[607],[973],[391],[291],[226],[286],[146],[402],[886],[44],[817],[434],[772],[83],[928],[280],[625]
946,[415],[869],[226],[163],[122],[249],[112],[372],[713],[657],[693],[146],[352],[631],[260],[732],[918],[152],[760],[852],[673],[941],[877],[130],[964],[662],[793],[491],[411],[546],[829],[693],[289],[857],[486],[819],[720],[936],[89],[446],[471],[626],[512],[381],[962],[868],[97],[892],[333],[48],[628],[65],[826],[167],[948],[899],[146],[388],[819],[134],[807],[616],[452],[663],[403],[119],[986],[943],[836],[318],[58],[765],[451],[382],[12],[358],[826],[757],[324],[699],[575],[315],[685],[991],[570],[339],[273],[723],[837],[158],[337],[553],[29],[549],[63],[817],[260],[392],[498],[280]
947,[665],[80],[214],[9],[581],[208],[71],[582],[114],[806],[501],[63],[537],[938],[461],[65],[614],[254],[233],[667],[150],[107],[335],[584],[252],[391],[962],[96],[467],[375],[534],[445],[382],[19],[913],[157],[303],[591],[154],[142],[394],[353],[855],[311],[632],[648],[547],[41],[267],[360],[452],[650],[673],[61],[32],[681],[428],[904],[396],[157],[82],[628],[283],[138],[223],[907],[485],[679],[325],[337],[221],[409],[621],[796],[617],[746],[869],[409],[744],[912],[460],[910],[213],[789],[211],[178],[298],[678],[145],[730],[761],[496],[608],[497],[376],[134],[226],[122],[551],[252]
948,[135],[581],[736],[325],[742],[726],[835],[322],[801],[253],[239],[407],[722],[654],[388],[81],[953],[847],[956],[205],[798],[0],[238],[462],[255],[820],[560],[414],[290],[355],[222],[145],[617],[240],[94],[278],[637],[410],[184],[744],[928],[167],[47],[127],[322],[882],[640],[45],[56],[310],[386],[376],[850],[271],[118],[888],[257],[269],[753],[894],[139],[837],[455],[386],[869],[624],[993],[442],[293],[799],[696],[376],[937],[142],[493],[721],[735],[753],[633],[185],[97],[589],[154],[180],[578],[70],[558],[526],[599],[761],[509],[405],[276],[255],[330],[273],[94],[652],[619],[695]
949,[48],[446],[825],[137],[163],[404],[612],[947],[446],[122],[100],[954],[714],[96],[604],[617],[463],[758],[329],[248],[286],[269],[67],[576],[419],[976],[445],[985],[321],[974],[993],[990],[285],[110],[602],[196],[75],[397],[278],[494],[205],[234],[890],[664],[981],[395],[489],[205],[428],[211],[94],[243],[219],[353],[443],[71],[777],[326],[179],[407],[308],[833],[88],[682],[973],[296],[6],[524],[252],[198],[542],[492],[195],[935],[67],[5],[858],[244],[634],[474],[842],[816],[573],[430],[445],[738],[938],[515],[627],[108],[244],[407],[632],[531],[364],[788],[339],[578],[357],[827]
950,[589],[125],[947],[588],[234],[600],[433],[107],[185],[367],[685],[692],[501],[580],[753],[356],[827],[373],[665],[577],[392],[325],[127],[734],[625],[807],[453],[707],[313],[601],[456],[289],[388],[199],[109],[575],[456],[990],[336],[318],[975],[400],[645],[770],[820],[113],[428],[845],[795],[407],[247],[902],[683],[957],[801],[345],[898],[404],[233],[540],[691],[736],[748],[323],[694],[701],[513],[779],[202],[491],[328],[552],[108],[790],[445],[992],[800],[34],[467],[226],[338],[892],[466],[488],[25],[474],[986],[985],[878],[149],[161],[349],[736],[453],[173],[484],[605],[220],[700],[26]
951,[724],[888],[544],[431],[138],[626],[476],[373],[667],[321],[758],[730],[241],[552],[65],[999],[745],[658],[297],[832],[797],[728],[451],[719],[129],[765],[873],[685],[167],[983],[846],[460],[198],[387],[248],[574],[691],[513],[414],[404],[558],[468],[465],[73],[443],[291],[342],[244],[284],[286],[65],[774],[352],[860],[186],[644],[487],[176],[76],[311],[241],[698],[844],[460],[587],[570],[880],[364],[581],[206],[708],[343],[167],[921],[991],[222],[19],[910],[494],[346],[442],[412],[359],[226],[464],[180],[15],[572],[813],[542],[931],[702],[794],[944],[630],[420],[283],[986],[208],[1]
952,[216],[735],[104],[741],[991],[132],[965],[261],[637],[90],[109],[642],[408],[37],[87],[308],[750],[816],[642],[309],[71],[176],[773],[441],[786],[654],[85],[651],[785],[962],[672],[724],[972],[272],[517],[212],[432],[530],[72],[274],[949],[685],[404],[227],[732],[610],[191],[353],[449],[242],[278],[211],[695],[615],[256],[917],[648],[602],[81],[191],[283],[613],[58],[855],[941],[599],[586],[33],[701],[528],[650],[320],[319],[996],[318],[970],[820],[331],[181],[407],[467],[759],[994],[920],[687],[706],[780],[652],[704],[11],[576],[765],[718],[984],[857],[409],[683],[820],[639],[7]
953,[740],[991],[843],[848],[542],[451],[505],[23],[883],[700],[231],[817],[597],[918],[379],[339],[364],[763],[405],[888],[200],[352],[108],[6],[560],[692],[720],[91],[227],[871],[614],[470],[328],[616],[330],[959],[726],[676],[617],[577],[256],[461],[188],[498],[16],[148],[782],[705],[212],[868],[595],[597],[769],[718],[362],[650],[504],[281],[666],[239],[10],[359],[941],[331],[99],[716],[797],[631],[362],[953],[225],[61],[566],[36],[308],[918],[852],[487],[449],[12],[767],[164],[143],[441],[112],[445],[992],[24],[432],[387],[228],[784],[410],[455],[9],[430],[112],[439],[511],[863]
954,[74],[177],[338],[285],[564],[531],[768],[114],[490],[458],[686],[15],[954],[828],[909],[299],[50],[181],[466],[218],[712],[210],[971],[256],[613],[177],[128],[910],[837],[834],[412],[644],[718],[379],[14],[927],[904],[343],[491],[815],[543],[780],[562],[516],[74],[332],[929],[467],[16],[222],[204],[378],[362],[972],[811],[922],[945],[800],[129],[508],[118],[743],[635],[72],[681],[996],[449],[191],[815],[874],[469],[269],[652],[532],[559],[168],[492],[11],[496],[387],[826],[486],[304],[820],[366],[608],[262],[770],[415],[78],[663],[169],[39],[1],[717],[425],[543],[759],[108],[438]
955,[126],[145],[766],[882],[519],[979],[413],[117],[60],[382],[453],[105],[870],[297],[164],[369],[594],[448],[255],[242],[54],[788],[363],[165],[466],[993],[614],[676],[183],[11],[79],[25],[999],[484],[64],[325],[13],[754],[953],[636],[379],[85],[196],[774],[469],[273],[14],[383],[882],[160],[498],[450],[30],[670],[925],[172],[545],[986],[694],[168],[130],[183],[321],[80],[761],[864],[287],[984],[414],[575],[271],[839],[721],[108],[551],[596],[491],[948],[372],[307],[343],[50],[461],[177],[264],[782],[651],[423],[710],[105],[767],[585],[414],[881],[926],[450],[442],[514],[657],[886]
956,[422],[215],[151],[358],[637],[12],[139],[768],[935],[624],[718],[968],[132],[732],[960],[520],[648],[411],[934],[985],[719],[459],[490],[884],[713],[497],[858],[488],[974],[682],[234],[75],[653],[51],[128],[679],[859],[857],[908],[635],[288],[675],[851],[29],[475],[895],[774],[17],[938],[25],[592],[91],[120],[872],[141],[912],[388],[375],[937],[141],[916],[480],[8],[462],[1],[960],[41],[923],[75],[490],[812],[534],[432],[602],[393],[299],[338],[383],[544],[890],[684],[998],[864],[718],[815],[676],[835],[157],[532],[925],[701],[683],[166],[655],[810],[632],[154],[865],[535],[895]
957,[851],[866],[484],[340],[638],[277],[411],[8],[17],[607],[393],[103],[921],[202],[331],[195],[313],[898],[80],[349],[685],[521],[205],[799],[400],[421],[16],[885],[391],[213],[950],[194],[6],[883],[217],[2],[856],[39],[401],[954],[494],[690],[152],[661],[907],[299],[47],[682],[70],[926],[11],[804],[973],[27],[800],[312],[533],[524],[260],[586],[737],[998],[591],[547],[854],[770],[409],[968],[496],[745],[94],[228],[313],[894],[413],[319],[115],[856],[534],[397],[214],[83],[311],[325],[101],[863],[582],[752],[829],[948],[990],[552],[252],[78],[912],[687],[522],[948],[770],[919]
958,[668],[996],[853],[878],[59],[481],[629],[916],[755],[634],[60],[40],[601],[308],[844],[687],[543],[586],[891],[224],[986],[252],[775],[581],[294],[855],[173],[116],[496],[853],[949],[746],[543],[300],[578],[447],[368],[485],[821],[461],[234],[410],[611],[331],[124],[98],[345],[769],[679],[440],[69],[444],[944],[750],[647],[766],[990],[381],[775],[921],[727],[36],[670],[398],[695],[389],[636],[350],[892],[572],[487],[778],[810],[892],[733],[278],[840],[50],[584],[368],[929],[236],[700],[636],[326],[703],[341],[505],[724],[595],[898],[535],[480],[654],[970],[833],[18],[829],[907],[421]
959,[558],[69],[728],[786],[726],[956],[557],[33],[32],[285],[496],[762],[410],[534],[238],[36],[837],[345],[303],[617],[403],[37],[358],[742],[570],[264],[806],[598],[194],[90],[584],[668],[418],[698],[188],[523],[983],[229],[84],[562],[66],[898],[385],[646],[935],[737],[799],[863],[220],[688],[67],[218],[243],[711],[64],[881],[654],[764],[607],[879],[757],[357],[96],[51],[966],[664],[953],[52],[37],[733],[170],[160],[435],[250],[121],[875],[535],[177],[275],[351],[271],[834],[823],[373],[606],[24],[995],[885],[63],[368],[237],[56],[533],[856],[385],[182],[844],[519],[247],[374]
960,[905],[903],[706],[397],[214],[459],[7],[604],[249],[295],[471],[449],[959],[840],[622],[862],[639],[911],[746],[135],[407],[655],[620],[63],[800],[201],[57],[502],[376],[460],[910],[3],[481],[172],[388],[605],[690],[758],[583],[33],[932],[528],[400],[433],[795],[359],[767],[352],[36],[673],[887],[242],[480],[268],[2],[437],[857],[353],[643],[458],[845],[926],[150],[430],[647],[743],[599],[541],[549],[45],[24],[234],[799],[841],[570],[260],[397],[190],[445],[575],[309],[595],[832],[995],[900],[190],[711],[386],[192],[947],[38],[667],[279],[926],[503],[831],[372],[633],[219],[489]
961,[356],[698],[764],[488],[229],[780],[110],[255],[385],[924],[960],[362],[920],[310],[421],[929],[419],[964],[982],[348],[88],[183],[924],[68],[90],[702],[123],[356],[439],[266],[117],[544],[275],[76],[342],[604],[828],[171],[531],[221],[579],[155],[861],[326],[556],[183],[159],[981],[166],[203],[395],[922],[955],[798],[0],[493],[246],[434],[177],[608],[421],[59],[477],[260],[349],[421],[196],[490],[99],[970],[242],[107],[459],[28],[317],[884],[790],[560],[726],[551],[405],[876],[677],[7],[670],[579],[115],[40],[971],[3],[600],[518],[391],[865],[45],[303],[939],[17],[1],[485]
962,[414],[278],[655],[435],[275],[868],[650],[480],[758],[658],[640],[640],[836],[810],[169],[190],[506],[340],[305],[691],[521],[483],[168],[291],[680],[315],[223],[495],[815],[105],[124],[653],[730],[595],[70],[610],[448],[322],[222],[961],[390],[24],[272],[147],[946],[348],[658],[121],[169],[504],[260],[554],[530],[990],[890],[497],[476],[193],[771],[265],[425],[557],[648],[978],[491],[958],[717],[54],[998],[101],[484],[431],[128],[633],[552],[589],[122],[171],[158],[508],[440],[936],[909],[829],[294],[599],[718],[288],[982],[737],[722],[699],[695],[713],[944],[523],[492],[57],[371],[153]
963,[382],[627],[917],[889],[351],[904],[490],[730],[53],[51],[889],[1],[756],[277],[143],[92],[119],[332],[708],[229],[10],[937],[244],[101],[698],[617],[954],[434],[559],[184],[105],[218],[404],[283],[386],[329],[433],[185],[897],[427],[481],[673],[203],[106],[926],[742],[326],[835],[644],[311],[589],[442],[434],[273],[641],[14],[329],[298],[524],[544],[443],[459],[332],[379],[111],[344],[367],[187],[714],[281],[277],[959],[388],[244],[567],[189],[155],[70],[12],[867],[983],[118],[447],[534],[135],[372],[720],[698],[247],[950],[355],[192],[647],[552],[392],[932],[832],[436],[718],[750]
964,[517],[241],[969],[365],[109],[575],[385],[233],[189],[138],[241],[714],[364],[426],[597],[165],[279],[998],[544],[14],[970],[387],[404],[966],[432],[113],[561],[588],[393],[160],[569],[796],[122],[234],[763],[19],[112],[814],[231],[867],[166],[82],[62],[936],[931],[774],[348],[861],[936],[752],[907],[570],[152],[484],[70],[693],[161],[171],[126],[865],[625],[207],[23],[805],[373],[168],[344],[68],[891],[594],[274],[957],[667],[307],[113],[371],[46],[224],[311],[239],[191],[122],[597],[483],[131],[184],[217],[775],[156],[265],[36],[29],[270],[742],[864],[431],[940],[377],[590],[564]
965,[3],[511],[404],[294],[955],[689],[126],[3],[570],[630],[113],[80],[56],[932],[301],[114],[987],[551],[350],[183],[417],[715],[944],[602],[460],[787],[548],[978],[610],[518],[919],[709],[589],[513],[819],[423],[743],[828],[246],[353],[357],[84],[41],[888],[394],[457],[424],[262],[540],[392],[146],[163],[451],[875],[543],[651],[676],[981],[142],[962],[789],[948],[964],[186],[483],[887],[851],[478],[97],[114],[334],[889],[657],[505],[595],[249],[622],[876],[554],[316],[454],[478],[282],[825],[298],[141],[316],[305],[820],[821],[360],[844],[201],[20],[419],[95],[159],[520],[694],[538]
966,[36],[322],[900],[847],[920],[884],[51],[824],[368],[758],[465],[86],[863],[212],[531],[792],[436],[493],[904],[179],[561],[914],[777],[42],[810],[61],[565],[951],[868],[721],[435],[436],[82],[71],[629],[983],[868],[604],[785],[982],[298],[648],[166],[836],[332],[987],[665],[938],[617],[577],[836],[660],[396],[717],[810],[378],[965],[422],[667],[777],[275],[927],[831],[106],[902],[454],[405],[175],[940],[285],[80],[119],[510],[905],[521],[235],[400],[930],[383],[928],[610],[697],[648],[536],[936],[114],[932],[490],[149],[871],[551],[587],[160],[646],[191],[262],[801],[46],[539],[591]
967,[458],[209],[242],[807],[248],[806],[865],[667],[380],[125],[295],[231],[195],[588],[763],[27],[312],[999],[42],[745],[945],[482],[428],[159],[272],[378],[296],[716],[412],[935],[95],[731],[81],[798],[22],[475],[88],[658],[746],[357],[140],[741],[857],[426],[292],[524],[719],[33],[834],[722],[891],[449],[110],[145],[603],[151],[458],[218],[781],[584],[519],[733],[925],[15],[785],[129],[173],[915],[687],[771],[747],[23],[811],[112],[755],[962],[533],[681],[583],[122],[559],[196],[981],[159],[140],[103],[607],[830],[299],[625],[705],[755],[127],[219],[814],[23],[931],[734],[209],[499]
968,[698],[33],[962],[758],[437],[627],[93],[423],[16],[978],[608],[139],[512],[279],[641],[297],[411],[49],[901],[857],[24],[710],[853],[416],[968],[1],[647],[291],[995],[191],[920],[504],[742],[620],[546],[628],[277],[83],[128],[211],[531],[486],[862],[261],[298],[264],[543],[591],[234],[132],[546],[416],[10],[156],[34],[304],[845],[725],[448],[318],[967],[531],[51],[411],[47],[324],[26],[816],[870],[388],[642],[410],[177],[363],[162],[426],[375],[482],[343],[92],[620],[158],[641],[618],[721],[381],[700],[688],[253],[774],[922],[997],[843],[844],[4],[469],[431],[42],[780],[734]
969,[358],[485],[878],[904],[744],[435],[141],[42],[334],[342],[519],[973],[374],[808],[333],[148],[174],[987],[96],[692],[660],[583],[662],[798],[164],[209],[913],[473],[37],[638],[904],[718],[944],[188],[485],[953],[73],[685],[272],[935],[943],[25],[829],[541],[759],[401],[150],[492],[431],[653],[475],[164],[963],[172],[474],[498],[383],[844],[482],[125],[888],[220],[180],[193],[661],[48],[975],[539],[321],[416],[679],[607],[903],[635],[182],[261],[817],[769],[399],[885],[828],[724],[289],[376],[388],[812],[815],[49],[860],[193],[791],[40],[155],[553],[645],[844],[597],[64],[975],[113]
970,[769],[865],[173],[273],[4],[390],[446],[158],[37],[921],[837],[395],[807],[48],[322],[643],[888],[757],[312],[264],[848],[514],[588],[541],[302],[34],[764],[746],[41],[997],[44],[278],[838],[320],[725],[482],[98],[368],[915],[35],[664],[208],[617],[758],[868],[378],[334],[101],[799],[999],[622],[74],[491],[43],[334],[200],[729],[64],[547],[14],[413],[844],[63],[13],[160],[150],[276],[449],[102],[850],[768],[238],[946],[596],[168],[401],[444],[606],[802],[21],[858],[566],[633],[671],[154],[397],[804],[32],[89],[279],[697],[679],[191],[539],[634],[822],[797],[170],[882],[601]
971,[795],[577],[98],[933],[13],[382],[329],[74],[447],[519],[208],[502],[579],[976],[318],[710],[557],[328],[72],[519],[516],[67],[227],[767],[564],[682],[430],[264],[556],[418],[240],[402],[36],[992],[542],[705],[250],[851],[983],[148],[715],[635],[898],[353],[138],[338],[391],[422],[511],[727],[191],[633],[420],[140],[71],[966],[768],[716],[855],[11],[506],[538],[870],[371],[925],[378],[315],[74],[787],[825],[301],[456],[666],[990],[214],[966],[57],[497],[78],[136],[221],[403],[795],[713],[709],[906],[895],[556],[758],[653],[878],[890],[419],[825],[120],[169],[563],[827],[631],[300]
972,[447],[230],[198],[829],[975],[998],[21],[2],[386],[113],[167],[812],[153],[764],[712],[545],[131],[59],[44],[310],[242],[31],[485],[260],[492],[275],[846],[134],[181],[438],[700],[789],[559],[967],[731],[599],[214],[154],[716],[822],[684],[594],[745],[83],[58],[879],[143],[485],[655],[596],[456],[595],[355],[581],[149],[321],[671],[327],[783],[772],[384],[310],[268],[28],[759],[730],[821],[451],[469],[418],[1],[94],[971],[629],[423],[923],[607],[758],[647],[410],[529],[744],[495],[434],[961],[616],[103],[491],[364],[721],[530],[670],[61],[729],[659],[562],[298],[936],[651],[394]
973,[45],[664],[40],[441],[738],[477],[322],[222],[82],[461],[908],[166],[578],[343],[205],[688],[4],[786],[247],[921],[186],[885],[192],[75],[780],[954],[551],[622],[59],[531],[85],[67],[873],[402],[947],[940],[632],[181],[951],[455],[169],[661],[206],[186],[43],[537],[655],[247],[845],[593],[223],[886],[672],[429],[223],[774],[275],[697],[83],[481],[877],[189],[375],[334],[472],[655],[422],[832],[267],[906],[208],[692],[787],[228],[569],[408],[796],[511],[994],[520],[412],[419],[12],[201],[24],[783],[170],[927],[112],[929],[354],[948],[737],[802],[700],[668],[895],[770],[92],[547]
974,[270],[944],[855],[413],[268],[460],[623],[674],[578],[655],[385],[901],[653],[273],[693],[965],[342],[45],[332],[797],[499],[12],[606],[448],[653],[119],[48],[119],[897],[298],[656],[314],[112],[11],[717],[643],[48],[811],[451],[885],[521],[765],[98],[706],[165],[717],[558],[721],[339],[778],[640],[542],[78],[318],[896],[558],[890],[942],[20],[400],[627],[524],[370],[263],[747],[680],[861],[294],[848],[146],[639],[400],[443],[156],[702],[853],[468],[840],[510],[718],[185],[736],[755],[498],[344],[822],[254],[499],[571],[756],[116],[193],[815],[924],[625],[375],[992],[483],[369],[457]
975,[503],[825],[612],[188],[882],[797],[170],[464],[977],[201],[824],[47],[93],[601],[689],[59],[911],[314],[149],[697],[471],[118],[379],[184],[206],[367],[637],[169],[635],[416],[314],[487],[373],[430],[594],[845],[933],[34],[288],[734],[93],[781],[331],[337],[90],[969],[158],[745],[508],[662],[718],[821],[148],[336],[937],[349],[983],[373],[593],[479],[584],[725],[424],[278],[914],[145],[740],[618],[382],[41],[440],[878],[160],[73],[600],[816],[554],[622],[22],[345],[514],[144],[988],[86],[297],[615],[952],[167],[96],[347],[575],[336],[661],[988],[772],[122],[158],[706],[837],[472]
976,[955],[921],[648],[381],[19],[768],[320],[430],[440],[994],[586],[85],[660],[522],[168],[271],[641],[830],[808],[471],[925],[890],[103],[782],[652],[922],[558],[801],[998],[791],[144],[642],[669],[834],[672],[142],[472],[443],[645],[812],[879],[807],[632],[969],[411],[22],[173],[638],[371],[84],[567],[697],[663],[399],[96],[725],[86],[976],[334],[490],[914],[104],[111],[841],[121],[99],[179],[628],[308],[394],[797],[546],[645],[686],[341],[330],[642],[976],[34],[612],[840],[725],[456],[445],[964],[337],[927],[77],[20],[250],[423],[943],[616],[745],[277],[789],[80],[403],[794],[407]
977,[386],[508],[429],[964],[126],[940],[673],[257],[340],[232],[5],[596],[174],[315],[516],[933],[484],[258],[36],[92],[788],[904],[763],[687],[609],[159],[247],[599],[964],[470],[252],[599],[444],[258],[792],[409],[253],[822],[845],[639],[886],[34],[548],[369],[749],[873],[910],[346],[97],[79],[175],[96],[780],[570],[317],[520],[129],[783],[27],[974],[264],[25],[186],[839],[382],[973],[524],[743],[978],[683],[931],[79],[537],[725],[60],[602],[145],[270],[436],[218],[334],[439],[602],[288],[220],[228],[14],[230],[880],[485],[24],[808],[352],[221],[181],[402],[720],[51],[343],[873]
978,[19],[911],[998],[222],[797],[253],[328],[5],[575],[988],[997],[497],[27],[144],[343],[537],[213],[299],[762],[247],[617],[643],[54],[350],[854],[831],[202],[930],[979],[143],[855],[267],[64],[251],[993],[441],[722],[701],[7],[746],[64],[294],[362],[938],[605],[48],[874],[452],[98],[665],[148],[970],[31],[593],[984],[23],[481],[935],[653],[421],[793],[969],[280],[407],[646],[621],[448],[775],[592],[439],[976],[185],[306],[223],[862],[6],[728],[352],[16],[966],[764],[770],[721],[79],[776],[507],[943],[791],[246],[249],[620],[793],[704],[132],[11],[599],[515],[898],[171],[254]
979,[38],[651],[526],[307],[329],[824],[642],[644],[207],[717],[650],[562],[159],[748],[336],[828],[356],[645],[921],[24],[747],[472],[635],[491],[297],[87],[261],[279],[120],[281],[23],[848],[797],[771],[585],[664],[659],[19],[227],[625],[921],[893],[949],[461],[155],[440],[503],[838],[890],[271],[392],[486],[391],[380],[779],[586],[461],[577],[767],[874],[202],[260],[124],[992],[561],[419],[908],[821],[488],[185],[665],[921],[346],[903],[452],[41],[846],[447],[90],[869],[293],[896],[967],[516],[976],[565],[314],[561],[248],[521],[287],[160],[367],[334],[1],[852],[511],[384],[921],[650]
980,[380],[644],[357],[664],[31],[116],[955],[346],[585],[969],[761],[511],[171],[255],[121],[819],[98],[834],[828],[65],[275],[738],[751],[146],[264],[845],[537],[298],[881],[218],[782],[97],[667],[954],[986],[205],[388],[826],[151],[81],[653],[263],[233],[77],[869],[436],[374],[671],[609],[96],[548],[171],[145],[346],[25],[78],[690],[356],[557],[36],[799],[846],[391],[530],[519],[943],[929],[336],[566],[596],[233],[895],[647],[739],[330],[118],[222],[862],[495],[734],[401],[458],[509],[433],[927],[202],[604],[920],[663],[80],[873],[388],[483],[359],[395],[466],[379],[807],[571],[279]
981,[149],[83],[539],[638],[763],[48],[559],[775],[369],[948],[938],[601],[167],[13],[16],[138],[726],[369],[538],[16],[201],[91],[518],[674],[975],[818],[459],[660],[642],[374],[68],[184],[286],[325],[923],[899],[842],[636],[964],[972],[666],[406],[94],[720],[89],[582],[130],[128],[467],[110],[46],[960],[572],[617],[537],[672],[305],[26],[849],[779],[103],[394],[485],[869],[594],[208],[262],[947],[250],[447],[439],[559],[476],[1],[696],[903],[151],[740],[568],[254],[465],[184],[142],[917],[306],[340],[870],[573],[509],[643],[510],[228],[955],[659],[356],[471],[659],[379],[18],[500]
982,[751],[453],[297],[171],[527],[687],[814],[123],[169],[711],[958],[299],[725],[635],[235],[846],[264],[507],[922],[209],[301],[408],[957],[307],[390],[589],[365],[781],[695],[998],[101],[191],[622],[846],[867],[632],[205],[799],[781],[583],[76],[574],[952],[33],[453],[944],[560],[674],[916],[791],[821],[592],[913],[855],[10],[700],[975],[985],[695],[881],[100],[302],[404],[671],[0],[967],[361],[504],[766],[458],[238],[329],[22],[974],[119],[394],[809],[519],[345],[306],[310],[464],[95],[33],[282],[7],[180],[718],[65],[799],[888],[278],[484],[456],[304],[995],[42],[100],[938],[262]
983,[573],[694],[926],[114],[770],[964],[860],[646],[844],[147],[0],[598],[154],[781],[279],[208],[66],[790],[907],[915],[680],[286],[609],[832],[309],[938],[46],[663],[659],[653],[567],[821],[952],[970],[618],[918],[298],[558],[240],[113],[409],[985],[191],[880],[134],[325],[744],[61],[710],[762],[145],[579],[150],[687],[627],[768],[814],[917],[655],[64],[541],[30],[27],[27],[505],[972],[301],[335],[598],[460],[157],[8],[266],[463],[810],[68],[1],[428],[641],[649],[133],[671],[915],[31],[484],[572],[286],[466],[158],[770],[751],[365],[408],[103],[273],[899],[551],[358],[106],[138]
984,[419],[357],[656],[694],[860],[360],[373],[16],[833],[34],[917],[786],[592],[967],[981],[203],[455],[522],[576],[493],[203],[959],[569],[113],[93],[988],[323],[672],[584],[894],[866],[608],[414],[725],[704],[44],[596],[583],[595],[30],[619],[929],[801],[517],[846],[745],[476],[410],[252],[954],[442],[518],[285],[963],[608],[599],[493],[624],[724],[746],[756],[551],[789],[626],[224],[760],[199],[913],[20],[296],[980],[277],[592],[198],[313],[860],[656],[829],[39],[499],[695],[597],[76],[771],[41],[942],[772],[253],[512],[626],[946],[854],[565],[921],[762],[506],[947],[637],[940],[883]
985,[932],[77],[486],[798],[276],[57],[910],[307],[749],[68],[853],[35],[808],[214],[750],[834],[144],[833],[176],[581],[178],[893],[980],[762],[102],[734],[698],[3],[857],[733],[813],[518],[650],[904],[785],[464],[779],[588],[192],[378],[243],[973],[131],[110],[659],[580],[278],[699],[732],[558],[116],[368],[671],[979],[735],[623],[233],[756],[134],[381],[72],[248],[176],[311],[439],[214],[923],[722],[287],[635],[778],[478],[244],[639],[577],[542],[704],[233],[114],[63],[941],[225],[640],[828],[759],[861],[989],[105],[429],[726],[758],[290],[905],[87],[216],[743],[646],[295],[999],[710]
986,[237],[926],[535],[890],[148],[735],[797],[802],[607],[908],[341],[641],[449],[485],[47],[329],[659],[484],[605],[633],[662],[114],[984],[889],[846],[408],[825],[418],[282],[585],[362],[247],[754],[768],[298],[65],[879],[655],[958],[895],[436],[378],[630],[681],[458],[950],[496],[912],[465],[963],[282],[136],[751],[985],[407],[198],[732],[889],[137],[891],[666],[208],[720],[576],[178],[724],[408],[106],[653],[215],[338],[360],[965],[964],[146],[106],[351],[80],[192],[209],[692],[86],[87],[173],[631],[810],[657],[346],[389],[544],[375],[861],[818],[933],[382],[652],[224],[530],[339],[664]
987,[487],[763],[986],[147],[220],[158],[576],[548],[745],[674],[778],[412],[59],[853],[459],[454],[32],[362],[342],[69],[414],[92],[749],[616],[632],[262],[594],[931],[394],[745],[310],[695],[62],[750],[824],[346],[128],[654],[668],[452],[645],[763],[671],[814],[45],[529],[555],[199],[608],[40],[549],[397],[479],[713],[247],[673],[124],[162],[734],[638],[571],[665],[56],[23],[795],[959],[762],[161],[398],[10],[847],[279],[505],[419],[856],[276],[90],[492],[348],[773],[367],[957],[757],[910],[279],[81],[151],[952],[311],[515],[162],[138],[498],[559],[841],[685],[130],[199],[11],[239]
988,[586],[390],[621],[601],[898],[662],[510],[769],[725],[15],[745],[924],[346],[837],[578],[709],[92],[670],[308],[366],[393],[994],[188],[261],[256],[64],[982],[171],[838],[426],[867],[866],[156],[996],[16],[552],[338],[750],[749],[810],[919],[646],[38],[993],[387],[356],[80],[172],[355],[463],[124],[284],[224],[942],[509],[754],[267],[692],[215],[786],[338],[291],[507],[896],[10],[164],[909],[603],[374],[497],[36],[689],[555],[226],[25],[928],[570],[332],[820],[999],[769],[24],[357],[461],[822],[949],[941],[257],[163],[763],[522],[110],[466],[989],[544],[587],[661],[960],[161],[398]
989,[956],[620],[858],[826],[558],[665],[72],[780],[211],[846],[798],[818],[252],[190],[113],[532],[316],[219],[593],[33],[60],[605],[231],[204],[151],[348],[881],[61],[380],[707],[6],[564],[484],[80],[746],[640],[2],[594],[808],[999],[430],[886],[700],[112],[532],[718],[178],[473],[131],[931],[974],[979],[16],[362],[421],[967],[922],[167],[259],[362],[801],[536],[269],[866],[565],[5],[642],[439],[825],[224],[433],[147],[184],[103],[277],[116],[277],[112],[486],[414],[824],[909],[363],[141],[730],[535],[609],[133],[745],[198],[238],[172],[181],[161],[689],[882],[993],[161],[0],[345]
